0.052264,0.037683,0,0.022904,0.042443,0,0,0,0,0.042174,0.036401,0.0080749,0,0,0.035938,0,0.021674,0.024299,0,0.025427,0,0.039774,0,0.04162,0.041706,0.021391,0,0.021115,0,0,0.039576,0.042028,0.042302,0,0.040332,0.037607,0.041824,0.035527,0.04127,0.039469,0,0.042212,0,0.041275,0.041688
0.037585,0.14252,0,0.020228,0.038354,0,0,0,0,0.038411,0.032323,0.0070775,0,0,0.032008,0,0.019563,0.021658,0,0.022479,0,0.036473,0,0.037384,0.037939,0.019271,0,0.01827,0,0,0.036261,0.037489,0.037996,0,0.036146,0.035508,0.037617,0.033109,0.036604,0.034815,0,0.038107,0,0.037416,0.037392
0,0,1,0,0,0,0,0,0,0,0,0,0,0,0,0,0,0,0,0,0,0,0,0,0,0,0,0,0,0,0,0,0,0,0,0,0,0,0,0,0,0,0,0,0
0.027646,0.024237,0,0.36591,0.027922,0,0,0,0,0.027762,0.023664,0.0051395,0,0,0.023512,0,0.014278,0.015762,0,0.016446,0,0.02753,0,0.026554,0.026806,0.014104,0,0.013431,0,0,0.027624,0.027461,0.028404,0,0.028216,0.024211,0.027282,0.022669,0.026458,0.025389,0,0.027045,0,0.027264,0.027268
0.042322,0.037922,0,0.023048,0.046749,0,0,0,0,0.042419,0.036804,0.0081653,0,0,0.036271,0,0.022379,0.025103,0,0.026027,0,0.039902,0,0.041627,0.041915,0.022167,0,0.020667,0,0,0.039884,0.042139,0.042703,0,0.040709,0.03774,0.041589,0.035085,0.041349,0.03962,0,0.042223,0,0.041594,0.041878
0,0,0,0,0,1,0,0,0,0,0,0,0,0,0,0,0,0,0,0,0,0,0,0,0,0,0,0,0,0,0,0,0,0,0,0,0,0,0,0,0,0,0,0,0
0,0,0,0,0,0,1,0,0,0,0,0,0,0,0,0,0,0,0,0,0,0,0,0,0,0,0,0,0,0,0,0,0,0,0,0,0,0,0,0,0,0,0,0,0
0,0,0,0,0,0,0,1,0,0,0,0,0,0,0,0,0,0,0,0,0,0,0,0,0,0,0,0,0,0,0,0,0,0,0,0,0,0,0,0,0,0,0,0,0
0,0,0,0,0,0,0,0,1,0,0,0,0,0,0,0,0,0,0,0,0,0,0,0,0,0,0,0,0,0,0,0,0,0,0,0,0,0,0,0,0,0,0,0,0
0.042198,0.038244,0,0.022834,0.042419,0,0,0,0,0.050616,0.036878,0.0079985,0,0,0.036096,0,0.022644,0.024664,0,0.02554,0,0.039857,0,0.041348,0.041604,0.022392,0,0.020287,0,0,0.039373,0.041826,0.04232,0,0.04009,0.037932,0.041267,0.035753,0.041073,0.039486,0,0.042104,0,0.041612,0.041545
0.038124,0.034168,0,0.020246,0.03827,0,0,0,0,0.038113,0.14365,0.0070571,0,0,0.03193,0,0.019597,0.021609,0,0.022568,0,0.035689,0,0.037796,0.037174,0.019258,0,0.018352,0,0,0.034942,0.037879,0.038244,0,0.036932,0.034918,0.03653,0.031127,0.037425,0.035507,0,0.037888,0,0.037269,0.037739
0,0,0,0,0,0,0,0,0,0,0,1,0,0,0,0,0,0,0,0,0,0,0,0,0,0,0,0,0,0,0,0,0,0,0,0,0,0,0,0,0,0,0,0,0
0,0,0,0,0,0,0,0,0,0,0,0,1,0,0,0,0,0,0,0,0,0,0,0,0,0,0,0,0,0,0,0,0,0,0,0,0,0,0,0,0,0,0,0,0
0,0,0,0,0,0,0,0,0,0,0,0,0,1,0,0,0,0,0,0,0,0,0,0,0,0,0,0,0,0,0,0,0,0,0,0,0,0,0,0,0,0,0,0,0
0.037337,0.033732,0,0.019451,0.036693,0,0,0,0,0.036601,0.032327,0.0068138,0,0,0.16888,0,0.022902,0.020877,0,0.02177,0,0.034495,0,0.035826,0.036759,0.018665,0,0.017579,0,0,0.033602,0.035886,0.036817,0,0.034294,0.032033,0.036233,0.029927,0.034949,0.036409,0,0.037218,0,0.036263,0.03566
0,0,0,0,0,0,0,0,0,0,0,0,0,0,0,1,0,0,0,0,0,0,0,0,0,0,0,0,0,0,0,0,0,0,0,0,0,0,0,0,0,0,0,0,0
0,0,0,0,0,0,0,0,0,0,0,0,0,0,0,0,1,0,0,0,0,0,0,0,0,0,0,0,0,0,0,0,0,0,0,0,0,0,0,0,0,0,0,0,0
0,0,0,0,0,0,0,0,0,0,0,0,0,0,0,0,0,1,0,0,0,0,0,0,0,0,0,0,0,0,0,0,0,0,0,0,0,0,0,0,0,0,0,0,0
0,0,0,0,0,0,0,0,0,0,0,0,0,0,0,0,0,0,1,0,0,0,0,0,0,0,0,0,0,0,0,0,0,0,0,0,0,0,0,0,0,0,0,0,0
0.020076,0.01803,0,0.010894,0.020614,0,0,0,0,0.020908,0.017455,0.0037983,0,0,0.017245,0,0.010603,0.011775,0,0.53605,0,0.018903,0,0.019675,0.020871,0.010463,0,0.0099655,0,0,0.018892,0.0207,0.02148,0,0.019225,0.018049,0.019665,0.016771,0.019566,0.018817,0,0.020007,0,0.019699,0.019802
0,0,0,0,0,0,0,0,0,0,0,0,0,0,0,0,0,0,0,0,1,0,0,0,0,0,0,0,0,0,0,0,0,0,0,0,0,0,0,0,0,0,0,0,0
0.039763,0.03545,0,0.021177,0.039953,0,0,0,0,0.039739,0.033754,0.0074044,0,0,0.033266,0,0.020359,0.025374,0,0.023614,0,0.10612,0,0.039201,0.039619,0.020173,0,0.019046,0,0,0.037745,0.039473,0.039801,0,0.038339,0.035241,0.038783,0.032457,0.039145,0.037327,0,0.039598,0,0.039015,0.039062
0,0,0,0,0,0,0,0,0,0,0,0,0,0,0,0,0,0,0,0,0,0,1,0,0,0,0,0,0,0,0,0,0,0,0,0,0,0,0,0,0,0,0,0,0
0.041547,0.036767,0,0.023006,0.041576,0,0,0,0,0.041319,0.036354,0.0076799,0,0,0.035873,0,0.021265,0.023527,0,0.024534,0,0.038798,0,0.068882,0.04113,0.021722,0,0.02141,0,0,0.03894,0.041299,0.04147,0,0.03998,0.037432,0.040635,0.034157,0.040221,0.038613,0,0.041315,0,0.040059,0.04049
0.041821,0.037877,0,0.023321,0.041949,0,0,0,0,0.041775,0.035863,0.007735,0,0,0.03554,0,0.02206,0.023685,0,0.024674,0,0.039355,0,0.040778,0.06258,0.021089,0,0.020046,0,0,0.039325,0.041368,0.041585,0,0.040245,0.037473,0.040845,0.035229,0.040263,0.040053,0,0.041548,0,0.040775,0.041141
0.028358,0.024423,0,0.01469,0.027997,0,0,0,0,0.027541,0.023595,0.0051377,0,0,0.023316,0,0.014293,0.015746,0,0.016476,0,0.025551,0,0.029218,0.026825,0.36518,0,0.013269,0,0,0.025493,0.026978,0.027767,0,0.025996,0.025888,0.02667,0.025432,0.026401,0.025351,0,0.028504,0,0.02664,0.027266
0,0,0,0,0,0,0,0,0,0,0,0,0,0,0,0,0,0,0,0,0,0,0,0,0,0,1,0,0,0,0,0,0,0,0,0,0,0,0,0,0,0,0,0,0
0.020001,0.017925,0,0.01089,0.020669,0,0,0,0,0.020693,0.017319,0.0038074,0,0,0.017337,0,0.010584,0.011549,0,0.012146,0,0.018793,0,0.020817,0.019812,0.010465,0,0.53039,0,0,0.021774,0.020611,0.020666,0,0.01921,0.017907,0.019624,0.016785,0.020965,0.018766,0,0.019961,0,0.019715,0.020821
0,0,0,0,0,0,0,0,0,0,0,0,0,0,0,0,0,0,0,0,0,0,0,0,0,0,0,0,1,0,0,0,0,0,0,0,0,0,0,0,0,0,0,0,0
0,0,0,0,0,0,0,0,0,0,0,0,0,0,0,0,0,0,0,0,0,0,0,0,0,0,0,0,0,1,0,0,0,0,0,0,0,0,0,0,0,0,0,0,0
0.039561,0.035264,0,0.020996,0.039629,0,0,0,0,0.039829,0.034619,0.0073186,0,0,0.034099,0,0.020304,0.024105,0,0.023477,0,0.037629,0,0.038998,0.03869,0.02008,0,0.019007,0,0,0.10978,0.03942,0.039506,0,0.038045,0.03647,0.03825,0.033245,0.038767,0.036463,0,0.039187,0,0.038063,0.039202
0.041958,0.037827,0,0.022445,0.042186,0,0,0,0,0.041948,0.037649,0.0077926,0,0,0.036404,0,0.022489,0.024233,0,0.025318,0,0.039269,0,0.041035,0.041369,0.021657,0,0.020177,0,0,0.039804,0.056828,0.041994,0,0.039691,0.037702,0.041252,0.035111,0.04058,0.038928,0,0.041796,0,0.041191,0.041367
0.042252,0.037627,0,0.022884,0.042644,0,0,0,0,0.042281,0.036779,0.0080748,0,0,0.036727,0,0.022741,0.024376,0,0.025575,0,0.039631,0,0.041431,0.041592,0.022083,0,0.020879,0,0,0.039752,0.042127,0.049996,0,0.040775,0.037808,0.041456,0.034872,0.041248,0.039099,0,0.042114,0,0.041503,0.041673
0,0,0,0,0,0,0,0,0,0,0,0,0,0,0,0,0,0,0,0,0,0,0,0,0,0,0,0,0,0,0,0,0,1,0,0,0,0,0,0,0,0,0,0,0
0.04085,0.036049,0,0.023878,0.04093,0,0,0,0,0.040876,0.035582,0.007577,0,0,0.035908,0,0.02201,0.023176,0,0.025027,0,0.038,0,0.039536,0.039769,0.020648,0,0.021147,0,0,0.038113,0.040466,0.041065,0,0.080982,0.036132,0.039606,0.033308,0.040184,0.038414,0,0.040658,0,0.040105,0.040004
0.039632,0.036169,0,0.021047,0.039985,0,0,0,0,0.040168,0.034555,0.007352,0,0,0.033321,0,0.022297,0.022572,0,0.023545,0,0.037704,0,0.03894,0.039146,0.020184,0,0.019072,0,0,0.036801,0.039706,0.039656,0,0.037152,0.104,0.039054,0.034628,0.039027,0.036947,0,0.03932,0,0.038986,0.039037
0.041382,0.036812,0,0.022761,0.041566,0,0,0,0,0.041423,0.035826,0.0076954,0,0,0.035768,0,0.02121,0.024112,0,0.024475,0,0.038576,0,0.040342,0.041139,0.020936,0,0.019909,0,0,0.039791,0.040915,0.041339,0,0.039582,0.036883,0.070797,0.034533,0.040307,0.038211,0,0.041667,0,0.040787,0.041255
0.035343,0.030775,0,0.018602,0.034796,0,0,0,0,0.035313,0.029751,0.0064881,0,0,0.029331,0,0.022906,0.019923,0,0.020736,0,0.033092,0,0.034009,0.034089,0.017736,0,0.016805,0,0,0.034106,0.035145,0.035182,0,0.033474,0.030576,0.034376,0.20755,0.033843,0.031947,0,0.034882,0,0.034852,0.034378
0.041273,0.036122,0,0.021856,0.041484,0,0,0,0,0.041072,0.035262,0.0076671,0,0,0.035081,0,0.021166,0.02341,0,0.025284,0,0.038554,0,0.04074,0.040769,0.020847,0,0.022064,0,0,0.037969,0.040812,0.041254,0,0.038973,0.036687,0.040812,0.034802,0.074506,0.039201,0,0.041373,0,0.040239,0.040719
0.040116,0.037564,0,0.021329,0.040272,0,0,0,0,0.040063,0.034713,0.0074031,0,0,0.035218,0,0.020609,0.022792,0,0.023736,0,0.037305,0,0.039397,0.041005,0.020289,0,0.019281,0,0,0.037191,0.03986,0.040056,0,0.038437,0.03609,0.039176,0.032803,0.038624,0.097569,0,0.040276,0,0.039717,0.039109
0,0,0,0,0,0,0,0,0,0,0,0,0,0,0,0,0,0,0,0,0,0,0,0,0,0,0,0,0,0,0,0,0,0,0,0,0,0,0,0,1,0,0,0,0
0.042155,0.037702,0,0.022898,0.042403,0,0,0,0,0.042142,0.035905,0.008342,0,0,0.036142,0,0.022005,0.024195,0,0.025228,0,0.03947,0,0.041383,0.041616,0.021674,0,0.020609,0,0,0.039525,0.041776,0.042215,0,0.04048,0.037625,0.041464,0.035149,0.041079,0.039334,0,0.054824,0,0.040954,0.041706
0,0,0,0,0,0,0,0,0,0,0,0,0,0,0,0,0,0,0,0,0,0,0,0,0,0,0,0,0,0,0,0,0,0,0,0,0,0,0,0,0,0,1,0,0
0.041159,0.038813,0,0.021893,0.041404,0,0,0,0,0.04155,0.036526,0.007655,0,0,0.035427,0,0.02123,0.024135,0,0.025157,0,0.038927,0,0.040412,0.041264,0.020929,0,0.01984,0,0,0.038922,0.04096,0.041172,0,0.03951,0.036796,0.040564,0.034522,0.040727,0.039674,0,0.041168,0,0.068856,0.040811
0.04127,0.036957,0,0.021979,0.041735,0,0,0,0,0.041604,0.035798,0.0076943,0,0,0.036133,0,0.021315,0.023542,0,0.025148,0,0.038992,0,0.040501,0.040939,0.021806,0,0.022475,0,0,0.038445,0.041096,0.041402,0,0.039956,0.037565,0.040548,0.035032,0.040396,0.039408,0,0.04109,0,0.040817,0.066358
0.052227,0.038012,0,0.022803,0.04236,0,0,0,0,0.04235,0.036361,0.007821,0,0,0.03634,0,0.022558,0.024261,0,0.025211,0,0.039955,0,0.041434,0.041757,0.021701,0,0.020268,0,0,0.039593,0.041869,0.042189,0,0.040376,0.037863,0.041507,0.035351,0.040912,0.039562,0,0.042227,0,0.041642,0.041492
0.038908,0.134,0,0.02024,0.038205,0,0,0,0,0.038421,0.034815,0.0071099,0,0,0.032208,0,0.019649,0.021719,0,0.024689,0,0.035669,0,0.037129,0.037852,0.019298,0,0.018309,0,0,0.035054,0.037694,0.038108,0,0.036686,0.037214,0.037193,0.032453,0.0367,0.036169,0,0.038074,0,0.038366,0.038064
0,0,1,0,0,0,0,0,0,0,0,0,0,0,0,0,0,0,0,0,0,0,0,0,0,0,0,0,0,0,0,0,0,0,0,0,0,0,0,0,0,0,0,0,0
0,0,0,1,0,0,0,0,0,0,0,0,0,0,0,0,0,0,0,0,0,0,0,0,0,0,0,0,0,0,0,0,0,0,0,0,0,0,0,0,0,0,0,0,0
0.042481,0.037893,0,0.023505,0.046804,0,0,0,0,0.042356,0.036921,0.008236,0,0,0.036113,0,0.022017,0.024652,0,0.025769,0,0.03969,0,0.04163,0.041959,0.022008,0,0.021057,0,0,0.039845,0.042147,0.042722,0,0.040854,0.037667,0.041629,0.035276,0.041498,0.039537,0,0.042274,0,0.041566,0.041894
0,0,0,0,0,1,0,0,0,0,0,0,0,0,0,0,0,0,0,0,0,0,0,0,0,0,0,0,0,0,0,0,0,0,0,0,0,0,0,0,0,0,0,0,0
0,0,0,0,0,0,1,0,0,0,0,0,0,0,0,0,0,0,0,0,0,0,0,0,0,0,0,0,0,0,0,0,0,0,0,0,0,0,0,0,0,0,0,0,0
0,0,0,0,0,0,0,1,0,0,0,0,0,0,0,0,0,0,0,0,0,0,0,0,0,0,0,0,0,0,0,0,0,0,0,0,0,0,0,0,0,0,0,0,0
0,0,0,0,0,0,0,0,1,0,0,0,0,0,0,0,0,0,0,0,0,0,0,0,0,0,0,0,0,0,0,0,0,0,0,0,0,0,0,0,0,0,0,0,0
0.042093,0.038035,0,0.02273,0.042433,0,0,0,0,0.050042,0.036736,0.0080395,0,0,0.036398,0,0.022856,0.024499,0,0.025978,0,0.039437,0,0.041223,0.041632,0.022305,0,0.0206,0,0,0.039714,0.041833,0.042309,0,0.040386,0.038465,0.041251,0.035431,0.041196,0.039414,0,0.042194,0,0.041268,0.041503
0.036658,0.032455,0,0.019689,0.037181,0,0,0,0,0.037121,0.16798,0.0068704,0,0,0.031055,0,0.01897,0.021043,0,0.025216,0,0.034838,0,0.036015,0.036918,0.018763,0,0.017745,0,0,0.033917,0.037054,0.037503,0,0.03552,0.033136,0.035749,0.03025,0.035238,0.034469,0,0.036632,0,0.035842,0.036172
0,0,0,0,0,0,0,0,0,0,0,1,0,0,0,0,0,0,0,0,0,0,0,0,0,0,0,0,0,0,0,0,0,0,0,0,0,0,0,0,0,0,0,0,0
0,0,0,0,0,0,0,0,0,0,0,0,1,0,0,0,0,0,0,0,0,0,0,0,0,0,0,0,0,0,0,0,0,0,0,0,0,0,0,0,0,0,0,0,0
0,0,0,0,0,0,0,0,0,0,0,0,0,1,0,0,0,0,0,0,0,0,0,0,0,0,0,0,0,0,0,0,0,0,0,0,0,0,0,0,0,0,0,0,0
0.035574,0.034701,0,0.019215,0.036539,0,0,0,0,0.035757,0.030746,0.006685,0,0,0.18403,0,0.01855,0.020472,0,0.021396,0,0.035128,0,0.036532,0.035422,0.018241,0,0.01733,0,0,0.033912,0.035883,0.036185,0,0.035696,0.032236,0.035571,0.029511,0.034966,0.033831,0,0.035636,0,0.034921,0.03533
0,0,0,0,0,0,0,0,0,0,0,0,0,0,0,1,0,0,0,0,0,0,0,0,0,0,0,0,0,0,0,0,0,0,0,0,0,0,0,0,0,0,0,0,0
0.028053,0.024395,0,0.014757,0.027789,0,0,0,0,0.027636,0.023556,0.0051958,0,0,0.027382,0,0.36746,0.015709,0,0.016379,0,0.025466,0,0.02657,0.026814,0.014053,0,0.013407,0,0,0.025469,0.027942,0.028684,0,0.025928,0.024207,0.027436,0.022703,0.0264,0.025399,0,0.027845,0,0.026613,0.026753
0.03113,0.027346,0,0.016604,0.031566,0,0,0,0,0.031281,0.029801,0.005785,0,0,0.029949,0,0.016015,0.28378,0,0.018478,0,0.028771,0,0.029882,0.030465,0.015864,0,0.01498,0,0,0.028612,0.030784,0.031582,0,0.029256,0.027272,0.030424,0.029143,0.02974,0.028538,0,0.031002,0,0.030522,0.031426
0,0,0,0,0,0,0,0,0,0,0,0,0,0,0,0,0,0,1,0,0,0,0,0,0,0,0,0,0,0,0,0,0,0,0,0,0,0,0,0,0,0,0,0,0
0.021013,0.018257,0,0.010985,0.02112,0,0,0,0,0.020913,0.017653,0.0038655,0,0,0.017405,0,0.010674,0.011761,0,0.531,0,0.019078,0,0.020976,0.020843,0.010561,0,0.0099936,0,0,0.018991,0.020137,0.020567,0,0.019392,0.018114,0.019866,0.016939,0.019756,0.019035,0,0.020206,0,0.020918,0.019978
0,0,0,0,0,0,0,0,0,0,0,0,0,0,0,0,0,0,0,0,1,0,0,0,0,0,0,0,0,0,0,0,0,0,0,0,0,0,0,0,0,0,0,0,0
0.039467,0.036068,0,0.020981,0.039757,0,0,0,0,0.03971,0.033634,0.0073541,0,0,0.034761,0,0.022397,0.022499,0,0.023454,0,0.10505,0,0.038718,0.038781,0.020124,0,0.019094,0,0,0.036937,0.03918,0.039394,0,0.038397,0.035325,0.039541,0.034532,0.038772,0.037123,0,0.039839,0,0.039558,0.039557
0,0,0,0,0,0,0,0,0,0,0,0,0,0,0,0,0,0,0,0,0,0,1,0,0,0,0,0,0,0,0,0,0,0,0,0,0,0,0,0,0,0,0,0,0
0.041423,0.036884,0,0.02239,0.041714,0,0,0,0,0.041289,0.035439,0.0083311,0,0,0.035496,0,0.02219,0.024301,0,0.024553,0,0.039175,0,0.069948,0.041212,0.02099,0,0.019897,0,0,0.038527,0.041229,0.04145,0,0.039373,0.036673,0.040654,0.034625,0.04007,0.039255,0,0.041407,0,0.040547,0.040955
0.041498,0.03708,0,0.02206,0.041836,0,0,0,0,0.041654,0.03733,0.0077176,0,0,0.036308,0,0.021406,0.023684,0,0.025105,0,0.039578,0,0.040956,0.062843,0.022191,0,0.019996,0,0,0.039123,0.041619,0.041548,0,0.040058,0.036808,0.0409,0.034293,0.040663,0.040263,0,0.041328,0,0.041072,0.041084
0,0,0,0,0,0,0,0,0,0,0,0,0,0,0,0,0,0,0,0,0,0,0,0,0,1,0,0,0,0,0,0,0,0,0,0,0,0,0,0,0,0,0,0,0
0,0,0,0,0,0,0,0,0,0,0,0,0,0,0,0,0,0,0,0,0,0,0,0,0,0,1,0,0,0,0,0,0,0,0,0,0,0,0,0,0,0,0,0,0
0.020089,0.017945,0,0.010888,0.020569,0,0,0,0,0.021153,0.017434,0.0038507,0,0,0.017175,0,0.010459,0.01161,0,0.012159,0,0.018861,0,0.020943,0.019836,0.010288,0,0.53188,0,0,0.018901,0.020653,0.020418,0,0.019269,0.017942,0.019759,0.016782,0.021132,0.018792,0,0.02067,0,0.01972,0.020817
0,0,0,0,0,0,0,0,0,0,0,0,0,0,0,0,0,0,0,0,0,0,0,0,0,0,0,0,1,0,0,0,0,0,0,0,0,0,0,0,0,0,0,0,0
0,0,0,0,0,0,0,0,0,0,0,0,0,0,0,0,0,0,0,0,0,0,0,0,0,0,0,0,0,1,0,0,0,0,0,0,0,0,0,0,0,0,0,0,0
0.039666,0.034881,0,0.022136,0.040139,0,0,0,0,0.040118,0.033784,0.007395,0,0,0.034331,0,0.020422,0.022645,0,0.023615,0,0.036958,0,0.038942,0.038768,0.020147,0,0.019141,0,0,0.11054,0.039354,0.039812,0,0.038652,0.034732,0.039367,0.032414,0.038531,0.036329,0,0.039895,0,0.038711,0.038574
0.041874,0.037816,0,0.022564,0.042023,0,0,0,0,0.042047,0.036087,0.0077754,0,0,0.035675,0,0.021977,0.023804,0,0.025526,0,0.039755,0,0.041011,0.041141,0.02168,0,0.021036,0,0,0.039853,0.057682,0.041948,0,0.039818,0.037869,0.04102,0.035876,0.04091,0.039182,0,0.041717,0,0.040877,0.041456
0.042219,0.037927,0,0.023828,0.042731,0,0,0,0,0.04226,0.036495,0.0084893,0,0,0.035949,0,0.022368,0.024354,0,0.025058,0,0.039568,0,0.041425,0.041719,0.022064,0,0.021064,0,0,0.039804,0.042096,0.049856,0,0.040587,0.037515,0.041349,0.035371,0.041257,0.039438,0,0.042102,0,0.041419,0.041688
0,0,0,0,0,0,0,0,0,0,0,0,0,0,0,0,0,0,0,0,0,0,0,0,0,0,0,0,0,0,0,0,0,1,0,0,0,0,0,0,0,0,0,0,0
0.040724,0.036622,0,0.023474,0.041324,0,0,0,0,0.040756,0.035551,0.0084559,0,0,0.034252,0,0.020969,0.025136,0,0.024164,0,0.038516,0,0.039985,0.040231,0.020702,0,0.021155,0,0,0.037976,0.04043,0.041145,0,0.079593,0.035858,0.039815,0.034411,0.040082,0.03797,0,0.040387,0,0.04001,0.040304
0.038721,0.036342,0,0.020583,0.03898,0,0,0,0,0.039651,0.033889,0.0072165,0,0,0.034041,0,0.020072,0.022126,0,0.025001,0,0.035801,0,0.037651,0.038342,0.022084,0,0.018722,0,0,0.038274,0.038587,0.038836,0,0.036732,0.11748,0.038681,0.031866,0.038353,0.036573,0,0.038465,0,0.038324,0.038605
0.041402,0.036909,0,0.022656,0.041837,0,0,0,0,0.041459,0.035679,0.0076895,0,0,0.036022,0,0.021329,0.024537,0,0.025213,0,0.038757,0,0.040218,0.040893,0.021563,0,0.019906,0,0,0.038928,0.04112,0.041652,0,0.039487,0.037102,0.070179,0.034153,0.040378,0.038428,0,0.041297,0,0.040738,0.040468
0.037269,0.032531,0,0.019619,0.037341,0,0,0,0,0.037509,0.031474,0.0068933,0,0,0.031076,0,0.019004,0.021071,0,0.021979,0,0.034108,0,0.037001,0.036207,0.021615,0,0.017787,0,0,0.033977,0.036279,0.0369,0,0.034665,0.034241,0.035857,0.16542,0.03571,0.033881,0,0.037432,0,0.036404,0.036756
0.041107,0.036472,0,0.021828,0.041319,0,0,0,0,0.041311,0.037166,0.007635,0,0,0.034507,0,0.021117,0.023403,0,0.024354,0,0.039635,0,0.040161,0.040725,0.020836,0,0.019735,0,0,0.038234,0.040635,0.04111,0,0.039259,0.036486,0.0407,0.035183,0.076488,0.038349,0,0.041137,0,0.041026,0.040082
0.039036,0.035167,0,0.020749,0.039319,0,0,0,0,0.039093,0.033317,0.0072663,0,0,0.032856,0,0.020022,0.022281,0,0.023203,0,0.037043,0,0.038616,0.039606,0.019839,0,0.018823,0,0,0.038076,0.038597,0.039204,0,0.03665,0.034701,0.039326,0.031957,0.038405,0.12076,0,0.039132,0,0.038441,0.038516
0,0,0,0,0,0,0,0,0,0,0,0,0,0,0,0,0,0,0,0,0,0,0,0,0,0,0,0,0,0,0,0,0,0,0,0,0,0,0,0,1,0,0,0,0
0.041883,0.037499,0,0.022264,0.042187,0,0,0,0,0.042052,0.036113,0.0077802,0,0,0.036299,0,0.022693,0.026186,0,0.025438,0,0.039585,0,0.04135,0.041746,0.021987,0,0.020168,0,0,0.039172,0.041663,0.042167,0,0.039883,0.037507,0.041234,0.034949,0.041,0.039737,0,0.054923,0,0.041373,0.041162
0,0,0,0,0,0,0,0,0,0,0,0,0,0,0,0,0,0,0,0,0,0,0,0,0,0,0,0,0,0,0,0,0,0,0,0,0,0,0,0,0,0,1,0,0
0.041012,0.036528,0,0.022611,0.041568,0,0,0,0,0.041471,0.035985,0.0076616,0,0,0.036436,0,0.02122,0.024953,0,0.025857,0,0.039226,0,0.040722,0.041059,0.020945,0,0.020508,0,0,0.038915,0.041006,0.041539,0,0.039902,0.036634,0.040288,0.035521,0.040294,0.038385,0,0.040967,0,0.068337,0.04045
0.041447,0.037604,0,0.023482,0.041901,0,0,0,0,0.041655,0.036058,0.0077438,0,0,0.035571,0,0.021353,0.024151,0,0.024648,0,0.039217,0,0.04075,0.04092,0.021047,0,0.021069,0,0,0.039455,0.041311,0.041773,0,0.04022,0.036608,0.041103,0.03496,0.04089,0.038549,0,0.041522,0,0.040695,0.064294
0.052305,0.038081,0,0.023198,0.042494,0,0,0,0,0.042284,0.036689,0.0083334,0,0,0.035877,0,0.021668,0.024827,0,0.025406,0,0.039963,0,0.041487,0.041597,0.021375,0,0.020565,0,0,0.039628,0.041795,0.042383,0,0.040487,0.037579,0.04142,0.035557,0.040691,0.039327,0,0.042106,0,0.041396,0.041479
0.038027,0.1415,0,0.020248,0.038487,0,0,0,0,0.037939,0.033362,0.0070831,0,0,0.031906,0,0.019553,0.021593,0,0.022504,0,0.035015,0,0.037015,0.037725,0.022229,0,0.018354,0,0,0.034951,0.037447,0.038316,0,0.036117,0.036087,0.037669,0.031161,0.03757,0.034855,0,0.037731,0,0.037849,0.03771
0,0,1,0,0,0,0,0,0,0,0,0,0,0,0,0,0,0,0,0,0,0,0,0,0,0,0,0,0,0,0,0,0,0,0,0,0,0,0,0,0,0,0,0,0
0.02791,0.024242,0,0.36746,0.027595,0,0,0,0,0.027451,0.023656,0.0051872,0,0,0.023266,0,0.014174,0.01575,0,0.016401,0,0.025476,0,0.027558,0.027209,0.013996,0,0.013359,0,0,0.025381,0.028578,0.028235,0,0.030499,0.024139,0.026607,0.022684,0.026369,0.025347,0,0.027335,0,0.026562,0.027577
0.04239,0.037834,0,0.023183,0.046598,0,0,0,0,0.042338,0.036774,0.0079493,0,0,0.036855,0,0.022248,0.024624,0,0.025846,0,0.040204,0,0.041518,0.041932,0.022454,0,0.021215,0,0,0.039736,0.042064,0.042628,0,0.040574,0.037792,0.041506,0.035233,0.041261,0.039805,0,0.042293,0,0.041376,0.041772
0,0,0,0,0,1,0,0,0,0,0,0,0,0,0,0,0,0,0,0,0,0,0,0,0,0,0,0,0,0,0,0,0,0,0,0,0,0,0,0,0,0,0,0,0
0,0,0,0,0,0,1,0,0,0,0,0,0,0,0,0,0,0,0,0,0,0,0,0,0,0,0,0,0,0,0,0,0,0,0,0,0,0,0,0,0,0,0,0,0
0,0,0,0,0,0,0,1,0,0,0,0,0,0,0,0,0,0,0,0,0,0,0,0,0,0,0,0,0,0,0,0,0,0,0,0,0,0,0,0,0,0,0,0,0
0,0,0,0,0,0,0,0,1,0,0,0,0,0,0,0,0,0,0,0,0,0,0,0,0,0,0,0,0,0,0,0,0,0,0,0,0,0,0,0,0,0,0,0,0
0.042197,0.038037,0,0.023068,0.042424,0,0,0,0,0.050673,0.036531,0.0078491,0,0,0.036129,0,0.022382,0.024175,0,0.025424,0,0.039469,0,0.041583,0.041856,0.021712,0,0.020595,0,0,0.039872,0.041842,0.042266,0,0.040012,0.038655,0.041534,0.035457,0.041218,0.039563,0,0.042125,0,0.041544,0.041808
0.037464,0.033848,0,0.019844,0.037523,0,0,0,0,0.037589,0.15523,0.0069203,0,0,0.03139,0,0.019285,0.024512,0,0.02223,0,0.034414,0,0.036134,0.03694,0.018983,0,0.017929,0,0,0.034328,0.038012,0.037672,0,0.035921,0.034137,0.035866,0.032316,0.037141,0.03497,0,0.036892,0,0.036188,0.036318
0,0,0,0,0,0,0,0,0,0,0,1,0,0,0,0,0,0,0,0,0,0,0,0,0,0,0,0,0,0,0,0,0,0,0,0,0,0,0,0,0,0,0,0,0
0,0,0,0,0,0,0,0,0,0,0,0,1,0,0,0,0,0,0,0,0,0,0,0,0,0,0,0,0,0,0,0,0,0,0,0,0,0,0,0,0,0,0,0,0
0,0,0,0,0,0,0,0,0,0,0,0,0,1,0,0,0,0,0,0,0,0,0,0,0,0,0,0,0,0,0,0,0,0,0,0,0,0,0,0,0,0,0,0,0
0.035611,0.03148,0,0.018982,0.035916,0,0,0,0,0.035904,0.032563,0.00667,0,0,0.18433,0,0.018485,0.020275,0,0.024648,0,0.032885,0,0.035495,0.035119,0.018059,0,0.017297,0,0,0.033601,0.036074,0.03592,0,0.034816,0.037234,0.035305,0.029307,0.034695,0.033377,0,0.035079,0,0.034655,0.036219
0,0,0,0,0,0,0,0,0,0,0,0,0,0,0,1,0,0,0,0,0,0,0,0,0,0,0,0,0,0,0,0,0,0,0,0,0,0,0,0,0,0,0,0,0
0.027871,0.024504,0,0.014849,0.02824,0,0,0,0,0.028009,0.023751,0.0052653,0,0,0.023366,0,0.36661,0.015861,0,0.016524,0,0.025676,0,0.026701,0.027582,0.014121,0,0.013502,0,0,0.025592,0.027589,0.028181,0,0.026122,0.024398,0.028452,0.022828,0.02657,0.025519,0,0.027947,0,0.026793,0.027582
0.034495,0.029543,0,0.017844,0.034043,0,0,0,0,0.033973,0.028537,0.010366,0,0,0.028263,0,0.017423,0.23292,0,0.020068,0,0.031015,0,0.032268,0.032582,0.017127,0,0.016132,0,0,0.030878,0.033254,0.033398,0,0.03149,0.029366,0.03327,0.027543,0.032657,0.030877,0,0.033963,0,0.033807,0.032894
0,0,0,0,0,0,0,0,0,0,0,0,0,0,0,0,0,0,1,0,0,0,0,0,0,0,0,0,0,0,0,0,0,0,0,0,0,0,0,0,0,0,0,0,0
0.031851,0.027527,0,0.016673,0.031185,0,0,0,0,0.031801,0.026636,0.0058275,0,0,0.026213,0,0.016078,0.017864,0,0.28802,0,0.028776,0,0.030976,0.030767,0.015823,0,0.015163,0,0,0.028715,0.030767,0.031059,0,0.030557,0.02736,0.030125,0.025541,0.03094,0.02997,0,0.032237,0,0.031344,0.030204
0,0,0,0,0,0,0,0,0,0,0,0,0,0,0,0,0,0,0,0,1,0,0,0,0,0,0,0,0,0,0,0,0,0,0,0,0,0,0,0,0,0,0,0,0
0.039404,0.038603,0,0.021099,0.039863,0,0,0,0,0.039707,0.033771,0.0073838,0,0,0.034301,0,0.020489,0.022619,0,0.023508,0,0.10533,0,0.039237,0.03944,0.020166,0,0.019106,0,0,0.036848,0.039613,0.039921,0,0.037385,0.035698,0.038914,0.034264,0.038705,0.036717,0,0.039733,0,0.039251,0.038922
0,0,0,0,0,0,0,0,0,0,0,0,0,0,0,0,0,0,0,0,0,0,1,0,0,0,0,0,0,0,0,0,0,0,0,0,0,0,0,0,0,0,0,0,0
0.041292,0.037359,0,0.022816,0.041534,0,0,0,0,0.041476,0.036561,0.0076669,0,0,0.03499,0,0.021223,0.024191,0,0.025127,0,0.039348,0,0.070018,0.040861,0.020929,0,0.019871,0,0,0.039393,0.040844,0.041389,0,0.040055,0.036759,0.040592,0.034156,0.039736,0.03854,0,0.04127,0,0.04059,0.041414
0.041498,0.036994,0,0.022448,0.041932,0,0,0,0,0.041731,0.036642,0.0077551,0,0,0.036016,0,0.021381,0.024686,0,0.025218,0,0.039348,0,0.040951,0.062611,0.021102,0,0.020021,0,0,0.039413,0.041366,0.041712,0,0.03975,0.036505,0.040991,0.03438,0.041082,0.040792,0,0.041872,0,0.041152,0.040651
0.027538,0.024502,0,0.014804,0.028285,0,0,0,0,0.027739,0.023756,0.0051288,0,0,0.023454,0,0.014435,0.015871,0,0.016485,0,0.025663,0,0.027551,0.026927,0.36567,0,0.013444,0,0,0.025538,0.027496,0.028329,0,0.027441,0.02437,0.027555,0.022771,0.027535,0.025473,0,0.027895,0,0.027486,0.026856
0,0,0,0,0,0,0,0,0,0,0,0,0,0,0,0,0,0,0,0,0,0,0,0,0,0,1,0,0,0,0,0,0,0,0,0,0,0,0,0,0,0,0,0,0
0.02065,0.018168,0,0.011079,0.021008,0,0,0,0,0.020271,0.017612,0.0038533,0,0,0.017401,0,0.010706,0.011772,0,0.01231,0,0.019051,0,0.019875,0.020045,0.010471,0,0.52864,0,0,0.01899,0.020167,0.021355,0,0.019442,0.018067,0.020909,0.016951,0.019743,0.018918,0,0.020714,0,0.020919,0.02091
0,0,0,0,0,0,0,0,0,0,0,0,0,0,0,0,0,0,0,0,0,0,0,0,0,0,0,0,1,0,0,0,0,0,0,0,0,0,0,0,0,0,0,0,0
0,0,0,0,0,0,0,0,0,0,0,0,0,0,0,0,0,0,0,0,0,0,0,0,0,0,0,0,0,1,0,0,0,0,0,0,0,0,0,0,0,0,0,0,0
0.03916,0.035869,0,0.020948,0.039574,0,0,0,0,0.039603,0.033484,0.0072997,0,0,0.03306,0,0.022259,0.022478,0,0.023324,0,0.037536,0,0.038643,0.038753,0.02177,0,0.018911,0,0,0.11086,0.039365,0.039321,0,0.037408,0.034972,0.039494,0.033301,0.039347,0.036077,0,0.039171,0,0.039419,0.038589
0.042167,0.037469,0,0.022696,0.042291,0,0,0,0,0.042054,0.036344,0.0087748,0,0,0.035647,0,0.022213,0.02423,0,0.025271,0,0.039318,0,0.041242,0.041206,0.021674,0,0.020922,0,0,0.039334,0.057266,0.042189,0,0.040262,0.037638,0.041126,0.03432,0.041249,0.038884,0,0.041699,0,0.041023,0.041491
0.042288,0.037658,0,0.023363,0.042635,0,0,0,0,0.042216,0.036911,0.0078433,0,0,0.036447,0,0.022779,0.024716,0,0.025435,0,0.03985,0,0.041224,0.041828,0.021834,0,0.021249,0,0,0.039414,0.042018,0.049884,0,0.040512,0.037704,0.041451,0.035161,0.040906,0.039467,0,0.04216,0,0.041389,0.041657
0,0,0,0,0,0,0,0,0,0,0,0,0,0,0,0,0,0,0,0,0,0,0,0,0,0,0,0,0,0,0,0,0,1,0,0,0,0,0,0,0,0,0,0,0
0.040837,0.0356,0,0.023649,0.04072,0,0,0,0,0.040631,0.035043,0.0075364,0,0,0.036317,0,0.020867,0.024339,0,0.027096,0,0.038713,0,0.040002,0.039649,0.020609,0,0.019514,0,0,0.038454,0.040427,0.040878,0,0.080531,0.036338,0.039433,0.034536,0.040135,0.037379,0,0.040701,0,0.039789,0.040274
0.039372,0.037129,0,0.021033,0.039641,0,0,0,0,0.040328,0.034287,0.0073518,0,0,0.035026,0,0.02389,0.022517,0,0.024794,0,0.037947,0,0.039985,0.038884,0.020057,0,0.018989,0,0,0.037394,0.039381,0.03938,0,0.03738,0.099252,0.038523,0.033207,0.038715,0.036636,0,0.039543,0,0.039391,0.039969
0.041587,0.037092,0,0.021974,0.041692,0,0,0,0,0.041394,0.035596,0.008322,0,0,0.035053,0,0.021271,0.024026,0,0.024499,0,0.038897,0,0.040207,0.040988,0.020959,0,0.01988,0,0,0.038868,0.041274,0.041337,0,0.039476,0.036341,0.070927,0.035932,0.040129,0.039292,0,0.041665,0,0.040631,0.040692
0.033408,0.029477,0,0.01789,0.033676,0,0,0,0,0.03374,0.028496,0.0062782,0,0,0.028178,0,0.017226,0.019058,0,0.019825,0,0.030886,0,0.033588,0.033232,0.017008,0,0.016242,0,0,0.033305,0.033278,0.033564,0,0.031515,0.029406,0.033493,0.24079,0.035622,0.03077,0,0.033184,0,0.033285,0.033584
0.041236,0.036958,0,0.021906,0.04165,0,0,0,0,0.04135,0.035924,0.007675,0,0,0.035188,0,0.021223,0.023455,0,0.024525,0,0.038644,0,0.040565,0.041074,0.020945,0,0.019866,0,0,0.038136,0.040995,0.041332,0,0.039495,0.036822,0.040303,0.034591,0.075261,0.038829,0,0.041044,0,0.04032,0.040686
0.039443,0.034686,0,0.02101,0.03971,0,0,0,0,0.039509,0.03429,0.0073605,0,0,0.034061,0,0.020275,0.024196,0,0.025083,0,0.036418,0,0.038493,0.040326,0.019976,0,0.018969,0,0,0.037261,0.039541,0.039546,0,0.037817,0.034483,0.038615,0.032332,0.038939,0.10993,0,0.039798,0,0.03909,0.038839
0,0,0,0,0,0,0,0,0,0,0,0,0,0,0,0,0,0,0,0,0,0,0,0,0,0,0,0,0,0,0,0,0,0,0,0,0,0,0,0,1,0,0,0,0
0.041982,0.037866,0,0.022334,0.042297,0,0,0,0,0.042104,0.036278,0.0080693,0,0,0.036283,0,0.022342,0.024304,0,0.024897,0,0.039437,0,0.041148,0.041549,0.022579,0,0.020215,0,0,0.03977,0.041748,0.042177,0,0.040498,0.037493,0.041598,0.035243,0.040751,0.03953,0,0.054914,0,0.041422,0.04117
0,0,0,0,0,0,0,0,0,0,0,0,0,0,0,0,0,0,0,0,0,0,0,0,0,0,0,0,0,0,0,0,0,0,0,0,0,0,0,0,0,0,1,0,0
0.041214,0.037194,0,0.021982,0.041769,0,0,0,0,0.041547,0.036134,0.0077015,0,0,0.035795,0,0.022073,0.024128,0,0.024526,0,0.038824,0,0.040537,0.041337,0.021027,0,0.019986,0,0,0.038735,0.041251,0.041566,0,0.039552,0.036987,0.041007,0.034915,0.040877,0.038729,0,0.041095,0,0.068732,0.040779
0.041584,0.036661,0,0.022089,0.041935,0,0,0,0,0.041341,0.036366,0.0077221,0,0,0.035655,0,0.021392,0.024919,0,0.025823,0,0.039423,0,0.040585,0.041234,0.021078,0,0.020893,0,0,0.038846,0.041704,0.041517,0,0.040063,0.036531,0.041128,0.035104,0.04072,0.038281,0,0.041561,0,0.041082,0.064764
0.052621,0.037582,0,0.022913,0.042341,0,0,0,0,0.042047,0.036405,0.0078311,0,0,0.03646,0,0.022452,0.024767,0,0.026263,0,0.040154,0,0.041386,0.041816,0.021642,0,0.020469,0,0,0.039552,0.041824,0.042145,0,0.03993,0.037348,0.041431,0.035122,0.041047,0.039867,0,0.042303,0,0.040953,0.041327
0.037621,0.1575,0,0.019825,0.037714,0,0,0,0,0.03717,0.033125,0.0069063,0,0,0.031402,0,0.019224,0.021192,0,0.022165,0,0.036602,0,0.036494,0.037084,0.018924,0,0.017941,0,0,0.034272,0.037251,0.037284,0,0.035704,0.033374,0.036416,0.030571,0.036806,0.037225,0,0.036577,0,0.037075,0.036555
0,0,1,0,0,0,0,0,0,0,0,0,0,0,0,0,0,0,0,0,0,0,0,0,0,0,0,0,0,0,0,0,0,0,0,0,0,0,0,0,0,0,0,0,0
0.028164,0.027881,0,0.36815,0.02747,0,0,0,0,0.027507,0.023565,0.0051373,0,0,0.023091,0,0.014046,0.015731,0,0.016345,0,0.025342,0,0.027246,0.026578,0.013863,0,0.013199,0,0,0.025358,0.02715,0.027582,0,0.029423,0.023933,0.027267,0.022497,0.026291,0.02516,0,0.02685,0,0.027184,0.027989
0.04237,0.038261,0,0.022883,0.046591,0,0,0,0,0.04246,0.037383,0.0079819,0,0,0.036599,0,0.02227,0.024446,0,0.0257,0,0.039807,0,0.041496,0.041804,0.021846,0,0.020898,0,0,0.039747,0.042141,0.042697,0,0.040693,0.037796,0.041666,0.035501,0.041543,0.039564,0,0.04239,0,0.041651,0.041814
0,0,0,0,0,1,0,0,0,0,0,0,0,0,0,0,0,0,0,0,0,0,0,0,0,0,0,0,0,0,0,0,0,0,0,0,0,0,0,0,0,0,0,0,0
0,0,0,0,0,0,1,0,0,0,0,0,0,0,0,0,0,0,0,0,0,0,0,0,0,0,0,0,0,0,0,0,0,0,0,0,0,0,0,0,0,0,0,0,0
0,0,0,0,0,0,0,1,0,0,0,0,0,0,0,0,0,0,0,0,0,0,0,0,0,0,0,0,0,0,0,0,0,0,0,0,0,0,0,0,0,0,0,0,0
0,0,0,0,0,0,0,0,1,0,0,0,0,0,0,0,0,0,0,0,0,0,0,0,0,0,0,0,0,0,0,0,0,0,0,0,0,0,0,0,0,0,0,0,0
0.042237,0.037916,0,0.023267,0.042436,0,0,0,0,0.050793,0.036668,0.0080003,0,0,0.035741,0,0.02169,0.024809,0,0.025372,0,0.039987,0,0.041281,0.041976,0.022168,0,0.020498,0,0,0.039648,0.041916,0.042283,0,0.040222,0.038188,0.041331,0.035803,0.040835,0.039673,0,0.042076,0,0.041429,0.041757
0.038068,0.034006,0,0.02158,0.037941,0,0,0,0,0.037747,0.14425,0.0070142,0,0,0.03638,0,0.019396,0.021541,0,0.024578,0,0.034809,0,0.037641,0.037585,0.019147,0,0.018209,0,0,0.034675,0.038123,0.038008,0,0.036252,0.033727,0.036799,0.030852,0.035999,0.034667,0,0.03756,0,0.036544,0.0369
0,0,0,0,0,0,0,0,0,0,0,1,0,0,0,0,0,0,0,0,0,0,0,0,0,0,0,0,0,0,0,0,0,0,0,0,0,0,0,0,0,0,0,0,0
0,0,0,0,0,0,0,0,0,0,0,0,1,0,0,0,0,0,0,0,0,0,0,0,0,0,0,0,0,0,0,0,0,0,0,0,0,0,0,0,0,0,0,0,0
0,0,0,0,0,0,0,0,0,0,0,0,0,1,0,0,0,0,0,0,0,0,0,0,0,0,0,0,0,0,0,0,0,0,0,0,0,0,0,0,0,0,0,0,0
0.03452,0.030548,0,0.018621,0.035206,0,0,0,0,0.034918,0.029711,0.0064574,0,0,0.21218,0,0.01791,0.019923,0,0.020708,0,0.035575,0,0.033792,0.034317,0.017697,0,0.016795,0,0,0.03309,0.034578,0.034872,0,0.034888,0.031853,0.035074,0.028474,0.033266,0.031877,0,0.034365,0,0.034391,0.034394
0,0,0,0,0,0,0,0,0,0,0,0,0,0,0,1,0,0,0,0,0,0,0,0,0,0,0,0,0,0,0,0,0,0,0,0,0,0,0,0,0,0,0,0,0
0.027855,0.02447,0,0.014837,0.028207,0,0,0,0,0.028233,0.023687,0.0052431,0,0,0.023431,0,0.36691,0.0159,0,0.016558,0,0.025629,0,0.027661,0.026931,0.014173,0,0.013419,0,0,0.025584,0.027099,0.028251,0,0.027136,0.024343,0.026753,0.022719,0.02656,0.025472,0,0.02764,0,0.027636,0.027659
0.030722,0.027526,0,0.01662,0.031594,0,0,0,0,0.031618,0.026667,0.0057775,0,0,0.026362,0,0.016115,0.2844,0,0.018639,0,0.028869,0,0.030723,0.031836,0.015904,0,0.014992,0,0,0.028825,0.03126,0.031235,0,0.029367,0.027459,0.032166,0.025654,0.029954,0.031902,0,0.032142,0,0.031404,0.03027
0,0,0,0,0,0,0,0,0,0,0,0,0,0,0,0,0,0,1,0,0,0,0,0,0,0,0,0,0,0,0,0,0,0,0,0,0,0,0,0,0,0,0,0,0
0.031509,0.029314,0,0.016387,0.031059,0,0,0,0,0.031211,0.026511,0.0057759,0,0,0.029581,0,0.016008,0.017615,0,0.28563,0,0.031681,0,0.030483,0.030561,0.015631,0,0.014837,0,0,0.028586,0.0321,0.030661,0,0.029092,0.028712,0.029867,0.025444,0.031488,0.028432,0,0.030919,0,0.029834,0.031075
0,0,0,0,0,0,0,0,0,0,0,0,0,0,0,0,0,0,0,0,1,0,0,0,0,0,0,0,0,0,0,0,0,0,0,0,0,0,0,0,0,0,0,0,0
0.039656,0.035605,0,0.020994,0.04003,0,0,0,0,0.03936,0.034931,0.0073678,0,0,0.036028,0,0.020379,0.024187,0,0.023462,0,0.1049,0,0.039798,0.038976,0.020114,0,0.020581,0,0,0.037721,0.039057,0.039775,0,0.0376,0.03509,0.039118,0.03242,0.038642,0.036697,0,0.03946,0,0.03918,0.038873
0,0,0,0,0,0,0,0,0,0,0,0,0,0,0,0,0,0,0,0,0,0,1,0,0,0,0,0,0,0,0,0,0,0,0,0,0,0,0,0,0,0,0,0,0
0.04139,0.036944,0,0.021971,0.04172,0,0,0,0,0.041448,0.035436,0.0077127,0,0,0.035138,0,0.021337,0.024333,0,0.024581,0,0.039257,0,0.069945,0.040827,0.021607,0,0.019919,0,0,0.038502,0.041468,0.041523,0,0.039388,0.036876,0.040673,0.035625,0.040625,0.03874,0,0.040992,0,0.041011,0.041012
0.041844,0.036996,0,0.022593,0.041985,0,0,0,0,0.041781,0.036066,0.007755,0,0,0.035458,0,0.02147,0.024078,0,0.025123,0,0.038855,0,0.040939,0.062332,0.022224,0,0.020072,0,0,0.039083,0.041322,0.041776,0,0.040251,0.03724,0.04076,0.0355,0.040333,0.040076,0,0.041799,0,0.040913,0.041377
0.02009,0.018045,0,0.011094,0.020996,0,0,0,0,0.020443,0.017567,0.0038412,0,0,0.017294,0,0.010577,0.01165,0,0.012107,0,0.021484,0,0.019717,0.020714,0.52918,0,0.0098698,0,0,0.018899,0.02002,0.021192,0,0.019314,0.017932,0.019722,0.016838,0.019603,0.02216,0,0.020082,0,0.019756,0.019811
0,0,0,0,0,0,0,0,0,0,0,0,0,0,0,0,0,0,0,0,0,0,0,0,0,0,1,0,0,0,0,0,0,0,0,0,0,0,0,0,0,0,0,0,0
0.027497,0.024423,0,0.014877,0.027921,0,0,0,0,0.027984,0.023736,0.0052178,0,0,0.023479,0,0.014295,0.015845,0,0.016565,0,0.025644,0,0.028108,0.02691,0.014128,0,0.36379,0,0,0.027263,0.028428,0.028378,0,0.026154,0.024339,0.026742,0.022766,0.027398,0.025452,0,0.027878,0,0.02736,0.027421
0,0,0,0,0,0,0,0,0,0,0,0,0,0,0,0,0,0,0,0,0,0,0,0,0,0,0,0,1,0,0,0,0,0,0,0,0,0,0,0,0,0,0,0,0
0,0,0,0,0,0,0,0,0,0,0,0,0,0,0,0,0,0,0,0,0,0,0,0,0,0,0,0,0,1,0,0,0,0,0,0,0,0,0,0,0,0,0,0,0
0.040106,0.034771,0,0.021111,0.039918,0,0,0,0,0.039671,0.033669,0.0073961,0,0,0.034121,0,0.020377,0.024211,0,0.023533,0,0.037432,0,0.038359,0.03878,0.020079,0,0.01903,0,0,0.11018,0.03959,0.039672,0,0.0384,0.034948,0.038629,0.032446,0.039156,0.036664,0,0.0396,0,0.03876,0.039393
0.041841,0.037232,0,0.022689,0.042125,0,0,0,0,0.042091,0.036828,0.0077967,0,0,0.035604,0,0.022456,0.024575,0,0.025909,0,0.039673,0,0.040848,0.041602,0.021241,0,0.020746,0,0,0.039651,0.057077,0.042185,0,0.039873,0.037701,0.040944,0.035399,0.040566,0.039058,0,0.041671,0,0.041342,0.041276
0.042216,0.037814,0,0.02341,0.04264,0,0,0,0,0.042417,0.036921,0.0080015,0,0,0.036309,0,0.022623,0.024627,0,0.02568,0,0.039795,0,0.041436,0.041635,0.021998,0,0.021341,0,0,0.0398,0.042177,0.04859,0,0.040885,0.037713,0.041358,0.03509,0.041093,0.039293,0,0.042131,0,0.041449,0.041556
0,0,0,0,0,0,0,0,0,0,0,0,0,0,0,0,0,0,0,0,0,0,0,0,0,0,0,0,0,0,0,0,0,1,0,0,0,0,0,0,0,0,0,0,0
0.040595,0.036174,0,0.024197,0.041056,0,0,0,0,0.040607,0.03649,0.0075645,0,0,0.035624,0,0.020879,0.023169,0,0.025413,0,0.038182,0,0.040243,0.040226,0.020671,0,0.01963,0,0,0.039075,0.040193,0.040908,0,0.080697,0.035559,0.040201,0.033826,0.040176,0.03809,0,0.040471,0,0.039634,0.040449
0.039147,0.0345,0,0.020841,0.039574,0,0,0,0,0.039633,0.036131,0.007307,0,0,0.034795,0,0.020199,0.022341,0,0.023285,0,0.036584,0,0.038861,0.038403,0.019937,0,0.020844,0,0,0.036957,0.03951,0.039367,0,0.037047,0.11249,0.038735,0.033244,0.037829,0.036258,0,0.038665,0,0.038592,0.03892
0.04142,0.037704,0,0.022258,0.041354,0,0,0,0,0.041325,0.035065,0.0076418,0,0,0.035641,0,0.021182,0.024097,0,0.025039,0,0.039026,0,0.040692,0.040496,0.021716,0,0.01982,0,0,0.038627,0.041299,0.041052,0,0.039735,0.036729,0.071816,0.034492,0.0404,0.038415,0,0.041416,0,0.040783,0.040758
0.034417,0.030931,0,0.023142,0.033346,0,0,0,0,0.033187,0.028319,0.0062475,0,0,0.027816,0,0.017149,0.018893,0,0.019719,0,0.033063,0,0.032477,0.032926,0.016884,0,0.015988,0,0,0.030685,0.032677,0.033159,0,0.031961,0.029056,0.032551,0.24133,0.032382,0.032155,0,0.033233,0,0.03298,0.033329
0.040709,0.036802,0,0.022624,0.041121,0,0,0,0,0.040822,0.034734,0.0085593,0,0,0.03471,0,0.022257,0.023235,0,0.024942,0,0.038451,0,0.040325,0.040546,0.022447,0,0.022252,0,0,0.038459,0.040623,0.041131,0,0.039069,0.036956,0.040027,0.034121,0.075358,0.037907,0,0.040626,0,0.040592,0.040597
0.03915,0.036821,0,0.020814,0.039387,0,0,0,0,0.039535,0.033315,0.0073069,0,0,0.033724,0,0.020206,0.022329,0,0.023203,0,0.036501,0,0.038198,0.040375,0.019922,0,0.018763,0,0,0.035954,0.038618,0.039248,0,0.037061,0.0353,0.038389,0.032876,0.037844,0.11922,0,0.039124,0,0.038435,0.038379
0,0,0,0,0,0,0,0,0,0,0,0,0,0,0,0,0,0,0,0,0,0,0,0,0,0,0,0,0,0,0,0,0,0,0,0,0,0,0,0,1,0,0,0,0
0.042181,0.037733,0,0.02234,0.04229,0,0,0,0,0.042351,0.036587,0.0078273,0,0,0.036072,0,0.021633,0.024214,0,0.025601,0,0.039518,0,0.041417,0.041686,0.021741,0,0.020759,0,0,0.039304,0.041826,0.042049,0,0.040199,0.03719,0.041911,0.034988,0.040905,0.039391,0,0.055393,0,0.041273,0.041624
0,0,0,0,0,0,0,0,0,0,0,0,0,0,0,0,0,0,0,0,0,0,0,0,0,0,0,0,0,0,0,0,0,0,0,0,0,0,0,0,0,0,1,0,0
0.04151,0.036382,0,0.022871,0.041628,0,0,0,0,0.041663,0.035662,0.008297,0,0,0.034803,0,0.021319,0.0243,0,0.024592,0,0.038846,0,0.040604,0.041262,0.021013,0,0.019953,0,0,0.039608,0.041616,0.041395,0,0.040024,0.036586,0.0411,0.034805,0.040026,0.038916,0,0.041589,0,0.068746,0.040881
0.041693,0.037424,0,0.022992,0.041863,0,0,0,0,0.041637,0.035628,0.0082695,0,0,0.036241,0,0.021403,0.024148,0,0.024654,0,0.038817,0,0.040892,0.040915,0.02107,0,0.020597,0,0,0.038721,0.041363,0.041685,0,0.040275,0.037418,0.041359,0.034255,0.040461,0.038922,0,0.041726,0,0.040939,0.064634
0.052687,0.038547,0,0.022395,0.042408,0,0,0,0,0.042374,0.036831,0.0078384,0,0,0.036016,0,0.022317,0.024363,0,0.025684,0,0.039676,0,0.041457,0.041801,0.021709,0,0.020267,0,0,0.040009,0.041841,0.042171,0,0.040005,0.037403,0.0414,0.035186,0.040982,0.039705,0,0.042231,0,0.041284,0.041412
0.036525,0.17159,0,0.023104,0.036664,0,0,0,0,0.036893,0.032315,0.0067736,0,0,0.032198,0,0.018808,0.020776,0,0.02175,0,0.034638,0,0.036441,0.03591,0.018554,0,0.017559,0,0,0.033536,0.036071,0.036387,0,0.035851,0.031996,0.036117,0.029895,0.035839,0.03456,0,0.036115,0,0.037086,0.036043
0,0,1,0,0,0,0,0,0,0,0,0,0,0,0,0,0,0,0,0,0,0,0,0,0,0,0,0,0,0,0,0,0,0,0,0,0,0,0,0,0,0,0,0,0
0.034976,0.030596,0,0.19692,0.035142,0,0,0,0,0.034881,0.031254,0.006514,0,0,0.029294,0,0.017947,0.023908,0,0.024134,0,0.032172,0,0.033928,0.034461,0.017634,0,0.01678,0,0,0.033206,0.034826,0.035504,0,0.034551,0.030505,0.034313,0.028549,0.033288,0.03204,0,0.035177,0,0.033542,0.033963
0.042338,0.038151,0,0.022772,0.04667,0,0,0,0,0.042522,0.036579,0.008144,0,0,0.036524,0,0.022268,0.024653,0,0.025697,0,0.039981,0,0.041504,0.042029,0.022155,0,0.020746,0,0,0.039722,0.042191,0.042692,0,0.040713,0.037982,0.041596,0.035564,0.041263,0.039721,0,0.042221,0,0.041686,0.041916
0,0,0,0,0,1,0,0,0,0,0,0,0,0,0,0,0,0,0,0,0,0,0,0,0,0,0,0,0,0,0,0,0,0,0,0,0,0,0,0,0,0,0,0,0
0,0,0,0,0,0,1,0,0,0,0,0,0,0,0,0,0,0,0,0,0,0,0,0,0,0,0,0,0,0,0,0,0,0,0,0,0,0,0,0,0,0,0,0,0
0,0,0,0,0,0,0,1,0,0,0,0,0,0,0,0,0,0,0,0,0,0,0,0,0,0,0,0,0,0,0,0,0,0,0,0,0,0,0,0,0,0,0,0,0
0,0,0,0,0,0,0,0,1,0,0,0,0,0,0,0,0,0,0,0,0,0,0,0,0,0,0,0,0,0,0,0,0,0,0,0,0,0,0,0,0,0,0,0,0
0.042297,0.03792,0,0.022404,0.042382,0,0,0,0,0.050799,0.036431,0.0083671,0,0,0.036078,0,0.02236,0.024558,0,0.025561,0,0.03971,0,0.041387,0.041697,0.021998,0,0.020848,0,0,0.039842,0.042061,0.042332,0,0.04044,0.038305,0.041404,0.03506,0.041167,0.039302,0,0.042106,0,0.041529,0.041657
0.034876,0.032824,0,0.018525,0.035157,0,0,0,0,0.034759,0.21006,0.0064743,0,0,0.031383,0,0.017851,0.019757,0,0.020669,0,0.033297,0,0.034382,0.035097,0.017583,0,0.016776,0,0,0.031999,0.03407,0.034615,0,0.034647,0.031685,0.034032,0.028535,0.033205,0.033133,0,0.034203,0,0.035626,0.034779
0,0,0,0,0,0,0,0,0,0,0,1,0,0,0,0,0,0,0,0,0,0,0,0,0,0,0,0,0,0,0,0,0,0,0,0,0,0,0,0,0,0,0,0,0
0,0,0,0,0,0,0,0,0,0,0,0,1,0,0,0,0,0,0,0,0,0,0,0,0,0,0,0,0,0,0,0,0,0,0,0,0,0,0,0,0,0,0,0,0
0,0,0,0,0,0,0,0,0,0,0,0,0,1,0,0,0,0,0,0,0,0,0,0,0,0,0,0,0,0,0,0,0,0,0,0,0,0,0,0,0,0,0,0,0
0.037076,0.032562,0,0.019703,0.037228,0,0,0,0,0.036712,0.034401,0.0068599,0,0,0.15361,0,0.019141,0.021147,0,0.022083,0,0.03589,0,0.037022,0.037233,0.022388,0,0.01791,0,0,0.035585,0.037617,0.037279,0,0.035775,0.033264,0.035969,0.032337,0.035798,0.034764,0,0.03696,0,0.036859,0.036828
0,0,0,0,0,0,0,0,0,0,0,0,0,0,0,1,0,0,0,0,0,0,0,0,0,0,0,0,0,0,0,0,0,0,0,0,0,0,0,0,0,0,0,0,0
0.027498,0.024196,0,0.01455,0.027573,0,0,0,0,0.027373,0.023354,0.0051177,0,0,0.02309,0,0.36878,0.015564,0,0.016317,0,0.025278,0,0.026359,0.026565,0.013996,0,0.013292,0,0,0.027271,0.027729,0.027995,0,0.025688,0.024038,0.02638,0.027409,0.028401,0.025097,0,0.027147,0,0.027434,0.02651
0.027721,0.024347,0,0.014786,0.028007,0,0,0,0,0.028253,0.023723,0.0051897,0,0,0.027218,0,0.014301,0.3661,0,0.016593,0,0.025653,0,0.02742,0.026879,0.014126,0,0.013313,0,0,0.02557,0.027444,0.028169,0,0.026022,0.02433,0.028182,0.022719,0.026532,0.025441,0,0.027811,0,0.026717,0.027431
0,0,0,0,0,0,0,0,0,0,0,0,0,0,0,0,0,0,1,0,0,0,0,0,0,0,0,0,0,0,0,0,0,0,0,0,0,0,0,0,0,0,0,0,0
0.031372,0.027424,0,0.016514,0.031307,0,0,0,0,0.0311,0.030711,0.0058061,0,0,0.028535,0,0.015991,0.017748,0,0.28413,0,0.028689,0,0.029923,0.031567,0.015823,0,0.014995,0,0,0.028634,0.031632,0.031224,0,0.029222,0.027214,0.030636,0.025425,0.030585,0.031945,0,0.031324,0,0.029961,0.030564
0,0,0,0,0,0,0,0,0,0,0,0,0,0,0,0,0,0,0,0,1,0,0,0,0,0,0,0,0,0,0,0,0,0,0,0,0,0,0,0,0,0,0,0,0
0.040183,0.035339,0,0.02104,0.039842,0,0,0,0,0.039348,0.035843,0.0073481,0,0,0.037423,0,0.022093,0.022583,0,0.023581,0,0.10553,0,0.038689,0.039616,0.02012,0,0.019,0,0,0.036773,0.039346,0.039611,0,0.037563,0.035399,0.038511,0.032384,0.038116,0.037108,0,0.039828,0,0.038893,0.038896
0,0,0,0,0,0,0,0,0,0,0,0,0,0,0,0,0,0,0,0,0,0,1,0,0,0,0,0,0,0,0,0,0,0,0,0,0,0,0,0,0,0,0,0,0
0.04113,0.036757,0,0.021962,0.041512,0,0,0,0,0.041037,0.036744,0.0076812,0,0,0.036214,0,0.021239,0.023468,0,0.025069,0,0.038807,0,0.069001,0.040848,0.020969,0,0.020531,0,0,0.039203,0.041062,0.041446,0,0.039624,0.036761,0.040434,0.034748,0.041549,0.038679,0,0.041468,0,0.041081,0.040976
0.041494,0.03769,0,0.022609,0.041867,0,0,0,0,0.04175,0.035745,0.0077185,0,0,0.034925,0,0.021994,0.025074,0,0.025164,0,0.039022,0,0.040894,0.062297,0.021708,0,0.021324,0,0,0.038444,0.041427,0.041684,0,0.039989,0.037446,0.040952,0.035142,0.040502,0.039669,0,0.041772,0,0.040758,0.040943
0,0,0,0,0,0,0,0,0,0,0,0,0,0,0,0,0,0,0,0,0,0,0,0,0,1,0,0,0,0,0,0,0,0,0,0,0,0,0,0,0,0,0,0,0
0,0,0,0,0,0,0,0,0,0,0,0,0,0,0,0,0,0,0,0,0,0,0,0,0,0,1,0,0,0,0,0,0,0,0,0,0,0,0,0,0,0,0,0,0
0,0,0,0,0,0,0,0,0,0,0,0,0,0,0,0,0,0,0,0,0,0,0,0,0,0,0,1,0,0,0,0,0,0,0,0,0,0,0,0,0,0,0,0,0
0,0,0,0,0,0,0,0,0,0,0,0,0,0,0,0,0,0,0,0,0,0,0,0,0,0,0,0,1,0,0,0,0,0,0,0,0,0,0,0,0,0,0,0,0
0,0,0,0,0,0,0,0,0,0,0,0,0,0,0,0,0,0,0,0,0,0,0,0,0,0,0,0,0,1,0,0,0,0,0,0,0,0,0,0,0,0,0,0,0
0.039305,0.034588,0,0.0231,0.039584,0,0,0,0,0.039822,0.033471,0.0073201,0,0,0.034965,0,0.020193,0.022341,0,0.023297,0,0.036262,0,0.039026,0.038903,0.019994,0,0.023611,0,0,0.10936,0.039298,0.039487,0,0.037827,0.034443,0.038254,0.032256,0.038649,0.037431,0,0.039088,0,0.03909,0.039037
0.041932,0.037258,0,0.023119,0.042168,0,0,0,0,0.041946,0.037182,0.0077982,0,0,0.036192,0,0.022041,0.024223,0,0.025622,0,0.039136,0,0.041257,0.041166,0.02123,0,0.020155,0,0,0.03925,0.058099,0.04213,0,0.039802,0.037502,0.04126,0.035387,0.040868,0.038963,0,0.041952,0,0.040982,0.04138
0.042181,0.037906,0,0.02379,0.042683,0,0,0,0,0.042344,0.036972,0.0082884,0,0,0.036025,0,0.022285,0.024731,0,0.026052,0,0.039787,0,0.04138,0.041793,0.021679,0,0.020699,0,0,0.039585,0.04215,0.048578,0,0.040771,0.03762,0.041458,0.035177,0.041164,0.0396,0,0.042045,0,0.041606,0.041653
0,0,0,0,0,0,0,0,0,0,0,0,0,0,0,0,0,0,0,0,0,0,0,0,0,0,0,0,0,0,0,0,0,1,0,0,0,0,0,0,0,0,0,0,0
0.040218,0.035976,0,0.02393,0.040746,0,0,0,0,0.040282,0.036146,0.0075526,0,0,0.033955,0,0.02083,0.023044,0,0.024933,0,0.03783,0,0.040174,0.040401,0.020487,0,0.019455,0,0,0.039263,0.03991,0.040842,0,0.085707,0.03604,0.039273,0.035226,0.039183,0.037655,0,0.040455,0,0.040395,0.04009
0.026921,0.027148,0,0.014312,0.027106,0,0,0,0,0.028516,0.023154,0.0050685,0,0,0.027763,0,0.013946,0.01541,0,0.01633,0,0.024885,0,0.02605,0.027694,0.013738,0,0.013069,0,0,0.024899,0.026434,0.026837,0,0.025447,0.37934,0.026061,0.026569,0.02593,0.027305,0,0.026902,0,0.026076,0.027088
0.041397,0.037407,0,0.022638,0.041704,0,0,0,0,0.04145,0.035545,0.0076951,0,0,0.035342,0,0.021303,0.024293,0,0.024547,0,0.039374,0,0.040399,0.040822,0.021796,0,0.019879,0,0,0.0389,0.040963,0.041428,0,0.03962,0.037063,0.069319,0.034454,0.040488,0.038684,0,0.041688,0,0.040913,0.040891
0.036885,0.032388,0,0.019528,0.037495,0,0,0,0,0.036574,0.033113,0.0068279,0,0,0.031051,0,0.018974,0.024657,0,0.021892,0,0.035512,0,0.035729,0.036385,0.018732,0,0.017754,0,0,0.033894,0.037241,0.036919,0,0.035524,0.032208,0.036648,0.16533,0.03561,0.034589,0,0.036861,0,0.036065,0.035616
0.04068,0.03675,0,0.021773,0.041401,0,0,0,0,0.040973,0.035248,0.0076291,0,0,0.035591,0,0.022098,0.023333,0,0.02522,0,0.039297,0,0.039979,0.04051,0.020761,0,0.019758,0,0,0.038359,0.040874,0.041122,0,0.03964,0.036361,0.040433,0.034986,0.077715,0.037974,0,0.040906,0,0.0405,0.040127
0.039899,0.0363,0,0.021351,0.040348,0,0,0,0,0.040009,0.034046,0.0074456,0,0,0.033621,0,0.020645,0.025318,0,0.025018,0,0.037579,0,0.039415,0.040405,0.020367,0,0.022651,0,0,0.037103,0.039773,0.04006,0,0.038178,0.036042,0.039244,0.032778,0.039025,0.0938,0,0.040435,0,0.039434,0.039711
0,0,0,0,0,0,0,0,0,0,0,0,0,0,0,0,0,0,0,0,0,0,0,0,0,0,0,0,0,0,0,0,0,0,0,0,0,0,0,0,1,0,0,0,0
0.042223,0.037572,0,0.022308,0.042338,0,0,0,0,0.041988,0.036493,0.0077986,0,0,0.036096,0,0.021604,0.024783,0,0.025657,0,0.039451,0,0.041239,0.04163,0.022171,0,0.020186,0,0,0.039464,0.041652,0.042087,0,0.040217,0.037795,0.041654,0.035183,0.041314,0.039666,0,0.055126,0,0.041122,0.041185
0,0,0,0,0,0,0,0,0,0,0,0,0,0,0,0,0,0,0,0,0,0,0,0,0,0,0,0,0,0,0,0,0,0,0,0,0,0,0,0,0,0,1,0,0
0.041644,0.037427,0,0.022057,0.041706,0,0,0,0,0.041633,0.035495,0.0077168,0,0,0.035567,0,0.022154,0.024144,0,0.024516,0,0.039331,0,0.040517,0.040859,0.021734,0,0.019935,0,0,0.038739,0.040858,0.041571,0,0.039455,0.037126,0.04102,0.034509,0.040644,0.038927,0,0.041382,0,0.068121,0.041215
0.041463,0.036661,0,0.022691,0.041815,0,0,0,0,0.04162,0.035961,0.0077191,0,0,0.035277,0,0.022065,0.023596,0,0.026287,0,0.039158,0,0.040943,0.041017,0.021994,0,0.020482,0,0,0.038857,0.041292,0.041721,0,0.039651,0.037639,0.040554,0.035215,0.040449,0.038871,0,0.04118,0,0.04068,0.065145
0.052684,0.037333,0,0.022727,0.042255,0,0,0,0,0.042311,0.03739,0.0081016,0,0,0.036,0,0.021632,0.025149,0,0.026105,0,0.039721,0,0.041441,0.041588,0.022206,0,0.020474,0,0,0.039538,0.041907,0.042129,0,0.040439,0.03729,0.04137,0.035302,0.040947,0.039334,0,0.042101,0,0.041087,0.041436
0.03835,0.13555,0,0.022738,0.038378,0,0,0,0,0.038151,0.03245,0.0071086,0,0,0.032042,0,0.019637,0.021641,0,0.022651,0,0.036405,0,0.037366,0.037746,0.0194,0,0.018347,0,0,0.035074,0.037773,0.038127,0,0.036745,0.035986,0.037596,0.031232,0.03798,0.037773,0,0.038285,0,0.038364,0.037104
0,0,1,0,0,0,0,0,0,0,0,0,0,0,0,0,0,0,0,0,0,0,0,0,0,0,0,0,0,0,0,0,0,0,0,0,0,0,0,0,0,0,0,0,0
0.028123,0.024405,0,0.36715,0.028007,0,0,0,0,0.027731,0.023685,0.0051899,0,0,0.023394,0,0.014401,0.015886,0,0.016571,0,0.025663,0,0.026715,0.027557,0.014105,0,0.013336,0,0,0.025593,0.02708,0.028721,0,0.028477,0.024358,0.026731,0.022741,0.026557,0.02545,0,0.027952,0,0.027542,0.026877
0.042361,0.038321,0,0.02287,0.046677,0,0,0,0,0.042395,0.036707,0.008051,0,0,0.036395,0,0.022203,0.024359,0,0.0254,0,0.039916,0,0.041664,0.041991,0.021908,0,0.021144,0,0,0.039852,0.042098,0.042762,0,0.040704,0.038163,0.041769,0.035485,0.041293,0.039694,0,0.042347,0,0.041526,0.041944
0,0,0,0,0,1,0,0,0,0,0,0,0,0,0,0,0,0,0,0,0,0,0,0,0,0,0,0,0,0,0,0,0,0,0,0,0,0,0,0,0,0,0,0,0
0,0,0,0,0,0,1,0,0,0,0,0,0,0,0,0,0,0,0,0,0,0,0,0,0,0,0,0,0,0,0,0,0,0,0,0,0,0,0,0,0,0,0,0,0
0,0,0,0,0,0,0,1,0,0,0,0,0,0,0,0,0,0,0,0,0,0,0,0,0,0,0,0,0,0,0,0,0,0,0,0,0,0,0,0,0,0,0,0,0
0,0,0,0,0,0,0,0,1,0,0,0,0,0,0,0,0,0,0,0,0,0,0,0,0,0,0,0,0,0,0,0,0,0,0,0,0,0,0,0,0,0,0,0,0
0.042078,0.038198,0,0.022809,0.042321,0,0,0,0,0.050521,0.036328,0.0079998,0,0,0.036357,0,0.021916,0.025508,0,0.02556,0,0.039485,0,0.041346,0.041711,0.021868,0,0.020536,0,0,0.039737,0.041965,0.04224,0,0.040286,0.038233,0.041513,0.035583,0.041392,0.03942,0,0.041917,0,0.041601,0.041575
0.035496,0.032934,0,0.019072,0.035997,0,0,0,0,0.035889,0.18761,0.006694,0,0,0.033861,0,0.01845,0.020366,0,0.02135,0,0.034086,0,0.035265,0.034685,0.018174,0,0.017247,0,0,0.032948,0.0363,0.03605,0,0.034888,0.033334,0.034865,0.029407,0.034732,0.032804,0,0.035705,0,0.035962,0.035835
0.028593,0.024544,0,0.014955,0.028256,0,0,0,0,0.027849,0.023801,0.35492,0,0,0.02349,0,0.014498,0.015946,0,0.016614,0,0.02575,0,0.027492,0.027056,0.014215,0,0.013537,0,0,0.025675,0.027241,0.028629,0,0.026263,0.024476,0.026907,0.022895,0.027622,0.025582,0,0.027606,0,0.026886,0.028697
0,0,0,0,0,0,0,0,0,0,0,0,1,0,0,0,0,0,0,0,0,0,0,0,0,0,0,0,0,0,0,0,0,0,0,0,0,0,0,0,0,0,0,0,0
0,0,0,0,0,0,0,0,0,0,0,0,0,1,0,0,0,0,0,0,0,0,0,0,0,0,0,0,0,0,0,0,0,0,0,0,0,0,0,0,0,0,0,0,0
0.037785,0.033009,0,0.019987,0.037836,0,0,0,0,0.037931,0.031908,0.0069966,0,0,0.15232,0,0.019362,0.021366,0,0.022266,0,0.035189,0,0.037499,0.036841,0.019041,0,0.018123,0,0,0.036233,0.037201,0.037448,0,0.035693,0.032854,0.036756,0.032753,0.03754,0.034364,0,0.037082,0,0.036664,0.037958
0,0,0,0,0,0,0,0,0,0,0,0,0,0,0,1,0,0,0,0,0,0,0,0,0,0,0,0,0,0,0,0,0,0,0,0,0,0,0,0,0,0,0,0,0
0.028063,0.024252,0,0.014636,0.027581,0,0,0,0,0.028142,0.023497,0.0051617,0,0,0.023241,0,0.36536,0.015658,0,0.01649,0,0.025414,0,0.026468,0.026672,0.013954,0,0.013204,0,0,0.025285,0.027638,0.028002,0,0.025819,0.027693,0.026443,0.028365,0.026305,0.025229,0,0.026889,0,0.027272,0.027265
0.026585,0.023767,0,0.014416,0.027508,0,0,0,0,0.027344,0.023226,0.0050287,0,0,0.022839,0,0.01392,0.37162,0,0.025873,0,0.027726,0,0.026019,0.027131,0.013753,0,0.013031,0,0,0.024933,0.026408,0.027169,0,0.026622,0.023788,0.026094,0.022204,0.025937,0.024849,0,0.027388,0,0.027983,0.026842
0,0,0,0,0,0,0,0,0,0,0,0,0,0,0,0,0,0,1,0,0,0,0,0,0,0,0,0,0,0,0,0,0,0,0,0,0,0,0,0,0,0,0,0,0
0.031511,0.027132,0,0.016382,0.03112,0,0,0,0,0.031127,0.026313,0.0057477,0,0,0.026041,0,0.015887,0.01763,0,0.28762,0,0.028498,0,0.030738,0.030384,0.02254,0,0.014842,0,0,0.028494,0.03062,0.030837,0,0.029962,0.029042,0.029717,0.02539,0.030805,0.029996,0,0.030917,0,0.029684,0.03102
0,0,0,0,0,0,0,0,0,0,0,0,0,0,0,0,0,0,0,0,1,0,0,0,0,0,0,0,0,0,0,0,0,0,0,0,0,0,0,0,0,0,0,0,0
0.039159,0.03525,0,0.022945,0.039727,0,0,0,0,0.039373,0.037614,0.0073157,0,0,0.036585,0,0.020236,0.022434,0,0.023396,0,0.10576,0,0.038533,0.038963,0.022503,0,0.018935,0,0,0.03697,0.039542,0.039637,0,0.037679,0.035358,0.038015,0.03316,0.038009,0.036515,0,0.039269,0,0.038704,0.038409
0,0,0,0,0,0,0,0,0,0,0,0,0,0,0,0,0,0,0,0,0,0,1,0,0,0,0,0,0,0,0,0,0,0,0,0,0,0,0,0,0,0,0,0,0
0.041306,0.036519,0,0.021993,0.041796,0,0,0,0,0.04126,0.036108,0.0077002,0,0,0.035702,0,0.021269,0.023508,0,0.024497,0,0.038898,0,0.069648,0.040731,0.020939,0,0.0224,0,0,0.039607,0.041174,0.041486,0,0.04023,0.036483,0.040432,0.034711,0.040355,0.038688,0,0.041128,0,0.040754,0.040678
0.041549,0.03727,0,0.022187,0.042074,0,0,0,0,0.041851,0.03702,0.0077698,0,0,0.035477,0,0.021456,0.023727,0,0.024734,0,0.039538,0,0.040847,0.062405,0.022153,0,0.020075,0,0,0.038694,0.04139,0.041862,0,0.039848,0.037393,0.041006,0.034617,0.040561,0.040201,0,0.041742,0,0.041181,0.041373
0.027379,0.027303,0,0.014689,0.028052,0,0,0,0,0.028282,0.023521,0.005108,0,0,0.023265,0,0.014288,0.01579,0,0.016458,0,0.025517,0,0.026558,0.027398,0.36567,0,0.013393,0,0,0.025513,0.026947,0.027969,0,0.025985,0.026581,0.026616,0.022639,0.02748,0.025379,0,0.027403,0,0.027383,0.027431
0,0,0,0,0,0,0,0,0,0,0,0,0,0,0,0,0,0,0,0,0,0,0,0,0,0,1,0,0,0,0,0,0,0,0,0,0,0,0,0,0,0,0,0,0
0.020251,0.018116,0,0.01113,0.021149,0,0,0,0,0.020587,0.017627,0.0038917,0,0,0.017397,0,0.010706,0.011782,0,0.012242,0,0.019053,0,0.019832,0.019995,0.010492,0,0.52866,0,0,0.018986,0.020136,0.021436,0,0.022482,0.018091,0.019863,0.016839,0.019775,0.018926,0,0.020724,0,0.019855,0.019971
0,0,0,0,0,0,0,0,0,0,0,0,0,0,0,0,0,0,0,0,0,0,0,0,0,0,0,0,1,0,0,0,0,0,0,0,0,0,0,0,0,0,0,0,0
0,0,0,0,0,0,0,0,0,0,0,0,0,0,0,0,0,0,0,0,0,0,0,0,0,0,0,0,0,1,0,0,0,0,0,0,0,0,0,0,0,0,0,0,0
0.039775,0.035628,0,0.021118,0.039991,0,0,0,0,0.039775,0.033745,0.0073654,0,0,0.033353,0,0.020382,0.022583,0,0.023576,0,0.03868,0,0.038689,0.038949,0.020107,0,0.019056,0,0,0.11019,0.039802,0.039813,0,0.037481,0.035157,0.039369,0.032476,0.0381,0.036959,0,0.039473,0,0.038987,0.039419
0.041971,0.037466,0,0.022652,0.042145,0,0,0,0,0.041878,0.036704,0.0078016,0,0,0.0361,0,0.02156,0.024783,0,0.025164,0,0.039557,0,0.040825,0.041578,0.02157,0,0.021065,0,0,0.039005,0.058112,0.042125,0,0.039902,0.03733,0.040963,0.035395,0.040629,0.039636,0,0.041816,0,0.041009,0.041257
0.042258,0.038066,0,0.023153,0.042698,0,0,0,0,0.042265,0.036965,0.0080113,0,0,0.036504,0,0.023043,0.024039,0,0.025682,0,0.039782,0,0.041338,0.04181,0.021818,0,0.020625,0,0,0.039623,0.041957,0.049822,0,0.040599,0.03766,0.041353,0.034944,0.041317,0.039477,0,0.042118,0,0.041406,0.041667
0,0,0,0,0,0,0,0,0,0,0,0,0,0,0,0,0,0,0,0,0,0,0,0,0,0,0,0,0,0,0,0,0,1,0,0,0,0,0,0,0,0,0,0,0
0.040082,0.036639,0,0.02346,0.040647,0,0,0,0,0.039857,0.03589,0.0074913,0,0,0.034355,0,0.020684,0.024005,0,0.023762,0,0.037589,0,0.039834,0.039526,0.020351,0,0.019358,0,0,0.037553,0.03945,0.040619,0,0.095593,0.035145,0.039328,0.03283,0.038959,0.037578,0,0.04,0,0.039427,0.039988
0.039268,0.034264,0,0.020832,0.039217,0,0,0,0,0.039735,0.033222,0.0072658,0,0,0.032758,0,0.020041,0.022351,0,0.023222,0,0.037073,0,0.039254,0.03816,0.019832,0,0.018819,0,0,0.035918,0.039332,0.039499,0,0.037577,0.12435,0.037657,0.031972,0.038169,0.035764,0,0.038508,0,0.0379,0.038037
0.0415,0.036554,0,0.022796,0.041597,0,0,0,0,0.041302,0.036545,0.0076918,0,0,0.035086,0,0.021237,0.024995,0,0.025433,0,0.038231,0,0.040487,0.040905,0.020943,0,0.019854,0,0,0.03938,0.04098,0.04133,0,0.039487,0.036466,0.07109,0.034463,0.040221,0.038737,0,0.041483,0,0.04063,0.040576
0.03491,0.034055,0,0.018585,0.034939,0,0,0,0,0.034916,0.029677,0.0064387,0,0,0.031681,0,0.017866,0.019978,0,0.020656,0,0.034071,0,0.03517,0.034493,0.017593,0,0.016747,0,0,0.032979,0.034573,0.034882,0,0.034306,0.030447,0.033908,0.20742,0.033802,0.031905,0,0.034207,0,0.03489,0.034911
0.041042,0.036557,0,0.021844,0.041303,0,0,0,0,0.04146,0.034926,0.0083463,0,0,0.034489,0,0.021077,0.023964,0,0.02719,0,0.038281,0,0.040123,0.040427,0.020823,0,0.020643,0,0,0.038568,0.041028,0.041084,0,0.039636,0.03653,0.040374,0.033565,0.07623,0.038433,0,0.041205,0,0.040175,0.040675
0.039194,0.035161,0,0.02086,0.039484,0,0,0,0,0.039349,0.035656,0.0072717,0,0,0.033922,0,0.020155,0.022279,0,0.023279,0,0.036989,0,0.039533,0.040144,0.022035,0,0.018913,0,0,0.036493,0.038693,0.039524,0,0.037532,0.03529,0.037902,0.032107,0.038342,0.11374,0,0.038832,0,0.038454,0.03887
0,0,0,0,0,0,0,0,0,0,0,0,0,0,0,0,0,0,0,0,0,0,0,0,0,0,0,0,0,0,0,0,0,0,0,0,0,0,0,0,1,0,0,0,0
0.042273,0.03693,0,0.022391,0.042392,0,0,0,0,0.041972,0.036358,0.0081079,0,0,0.03576,0,0.022343,0.024525,0,0.025588,0,0.039715,0,0.041231,0.041806,0.021602,0,0.02027,0,0,0.039039,0.041784,0.042145,0,0.04028,0.037328,0.04172,0.035023,0.041291,0.03961,0,0.055256,0,0.041646,0.041614
0,0,0,0,0,0,0,0,0,0,0,0,0,0,0,0,0,0,0,0,0,0,0,0,0,0,0,0,0,0,0,0,0,0,0,0,0,0,0,0,0,0,1,0,0
0.041483,0.037561,0,0.021937,0.041569,0,0,0,0,0.041503,0.035397,0.0082558,0,0,0.035964,0,0.023004,0.025024,0,0.025816,0,0.039238,0,0.040606,0.040901,0.021685,0,0.019833,0,0,0.038079,0.040818,0.041236,0,0.039097,0.036242,0.040588,0.034519,0.040132,0.039039,0,0.041362,0,0.068551,0.040559
0.041413,0.037628,0,0.022081,0.041974,0,0,0,0,0.04164,0.036053,0.007742,0,0,0.035409,0,0.022064,0.023629,0,0.025137,0,0.038925,0,0.041276,0.040928,0.02182,0,0.020876,0,0,0.039425,0.04128,0.041768,0,0.039484,0.037192,0.040642,0.034931,0.040393,0.038997,0,0.041296,0,0.040992,0.065004
0.052469,0.037394,0,0.023205,0.042339,0,0,0,0,0.04225,0.036183,0.0082451,0,0,0.036074,0,0.022495,0.02481,0,0.026,0,0.03967,0,0.041293,0.0415,0.022189,0,0.020242,0,0,0.039451,0.041797,0.042168,0,0.040224,0.03773,0.04121,0.035301,0.041258,0.039407,0,0.042012,0,0.041286,0.041798
0.037392,0.14263,0,0.020026,0.038069,0,0,0,0,0.038318,0.032205,0.006996,0,0,0.036904,0,0.01961,0.021602,0,0.022529,0,0.035684,0,0.0373,0.037794,0.019247,0,0.018282,0,0,0.035683,0.038156,0.038158,0,0.035477,0.034015,0.036784,0.03101,0.036909,0.036863,0,0.038115,0,0.037631,0.036609
0,0,1,0,0,0,0,0,0,0,0,0,0,0,0,0,0,0,0,0,0,0,0,0,0,0,0,0,0,0,0,0,0,0,0,0,0,0,0,0,0,0,0,0,0
0.027228,0.02448,0,0.36681,0.028424,0,0,0,0,0.02799,0.023708,0.0051981,0,0,0.023343,0,0.014359,0.015914,0,0.016482,0,0.027259,0,0.026709,0.027432,0.014196,0,0.013498,0,0,0.025565,0.027448,0.028284,0,0.027263,0.024394,0.027392,0.022737,0.026553,0.025484,0,0.027477,0,0.026725,0.027641
0.042367,0.037966,0,0.022936,0.046651,0,0,0,0,0.042391,0.036744,0.0080749,0,0,0.036451,0,0.022673,0.024701,0,0.025562,0,0.039756,0,0.041539,0.042064,0.022007,0,0.021131,0,0,0.039646,0.042115,0.042682,0,0.040619,0.038033,0.041643,0.035594,0.041193,0.039579,0,0.042298,0,0.041615,0.04197
0,0,0,0,0,1,0,0,0,0,0,0,0,0,0,0,0,0,0,0,0,0,0,0,0,0,0,0,0,0,0,0,0,0,0,0,0,0,0,0,0,0,0,0,0
0,0,0,0,0,0,1,0,0,0,0,0,0,0,0,0,0,0,0,0,0,0,0,0,0,0,0,0,0,0,0,0,0,0,0,0,0,0,0,0,0,0,0,0,0
0,0,0,0,0,0,0,1,0,0,0,0,0,0,0,0,0,0,0,0,0,0,0,0,0,0,0,0,0,0,0,0,0,0,0,0,0,0,0,0,0,0,0,0,0
0,0,0,0,0,0,0,0,1,0,0,0,0,0,0,0,0,0,0,0,0,0,0,0,0,0,0,0,0,0,0,0,0,0,0,0,0,0,0,0,0,0,0,0,0
0.042466,0.037803,0,0.022766,0.042466,0,0,0,0,0.050412,0.036979,0.008026,0,0,0.035808,0,0.021712,0.024261,0,0.026068,0,0.039709,0,0.041386,0.041815,0.021416,0,0.020681,0,0,0.039716,0.042117,0.042329,0,0.040334,0.038158,0.04165,0.035132,0.041127,0.040047,0,0.0422,0,0.041702,0.041712
0.037873,0.035548,0,0.020229,0.038269,0,0,0,0,0.037969,0.14086,0.0070522,0,0,0.032905,0,0.019547,0.02164,0,0.024543,0,0.035643,0,0.037467,0.037495,0.019343,0,0.018287,0,0,0.034821,0.037706,0.038333,0,0.037252,0.033222,0.037243,0.031042,0.037975,0.036068,0,0.03804,0,0.036963,0.036665
0,0,0,0,0,0,0,0,0,0,0,1,0,0,0,0,0,0,0,0,0,0,0,0,0,0,0,0,0,0,0,0,0,0,0,0,0,0,0,0,0,0,0,0,0
0,0,0,0,0,0,0,0,0,0,0,0,1,0,0,0,0,0,0,0,0,0,0,0,0,0,0,0,0,0,0,0,0,0,0,0,0,0,0,0,0,0,0,0,0
0,0,0,0,0,0,0,0,0,0,0,0,0,1,0,0,0,0,0,0,0,0,0,0,0,0,0,0,0,0,0,0,0,0,0,0,0,0,0,0,0,0,0,0,0
0.035718,0.033193,0,0.019135,0.036233,0,0,0,0,0.036027,0.030549,0.0066338,0,0,0.1846,0,0.018532,0.02042,0,0.021386,0,0.034632,0,0.035327,0.035688,0.018194,0,0.020725,0,0,0.033012,0.036304,0.035917,0,0.03431,0.033396,0.034504,0.029387,0.035373,0.034542,0,0.035841,0,0.035239,0.035184
0,0,0,0,0,0,0,0,0,0,0,0,0,0,0,1,0,0,0,0,0,0,0,0,0,0,0,0,0,0,0,0,0,0,0,0,0,0,0,0,0,0,0,0,0
0,0,0,0,0,0,0,0,0,0,0,0,0,0,0,0,1,0,0,0,0,0,0,0,0,0,0,0,0,0,0,0,0,0,0,0,0,0,0,0,0,0,0,0,0
0.031585,0.027574,0,0.016802,0.03142,0,0,0,0,0.031826,0.026737,0.0058233,0,0,0.02633,0,0.01606,0.28591,0,0.018601,0,0.030246,0,0.030165,0.03039,0.015895,0,0.015104,0,0,0.030511,0.031625,0.032002,0,0.029445,0.027505,0.030836,0.025657,0.029985,0.028777,0,0.03165,0,0.030792,0.03075
0,0,0,0,0,0,0,0,0,0,0,0,0,0,0,0,0,0,1,0,0,0,0,0,0,0,0,0,0,0,0,0,0,0,0,0,0,0,0,0,0,0,0,0,0
0.030915,0.02721,0,0.016479,0.031186,0,0,0,0,0.030844,0.029802,0.0057876,0,0,0.029953,0,0.016047,0.017767,0,0.28609,0,0.028669,0,0.030438,0.030612,0.015727,0,0.015027,0,0,0.028538,0.03175,0.031151,0,0.029935,0.027151,0.02986,0.025406,0.031308,0.028475,0,0.030956,0,0.031827,0.031088
0,0,0,0,0,0,0,0,0,0,0,0,0,0,0,0,0,0,0,0,1,0,0,0,0,0,0,0,0,0,0,0,0,0,0,0,0,0,0,0,0,0,0,0,0
0.039915,0.035107,0,0.021272,0.040311,0,0,0,0,0.03995,0.035458,0.00741,0,0,0.033593,0,0.020591,0.022767,0,0.023748,0,0.1018,0,0.039223,0.040214,0.020309,0,0.019205,0,0,0.037719,0.039968,0.040173,0,0.037888,0.035303,0.039173,0.033903,0.039079,0.037044,0,0.039857,0,0.039372,0.03965
0,0,0,0,0,0,0,0,0,0,0,0,0,0,0,0,0,0,0,0,0,0,1,0,0,0,0,0,0,0,0,0,0,0,0,0,0,0,0,0,0,0,0,0,0
0.041112,0.038281,0,0.021884,0.041509,0,0,0,0,0.041464,0.035981,0.0076373,0,0,0.035014,0,0.021226,0.023469,0,0.02559,0,0.039553,0,0.070587,0.040824,0.022711,0,0.019831,0,0,0.038964,0.040934,0.041386,0,0.039305,0.037477,0.040256,0.034017,0.040031,0.039151,0,0.041049,0,0.040519,0.040238
0.041529,0.037158,0,0.023522,0.041871,0,0,0,0,0.041719,0.035409,0.0077391,0,0,0.035513,0,0.022033,0.024194,0,0.024633,0,0.039486,0,0.04085,0.062523,0.02198,0,0.019995,0,0,0.039343,0.041337,0.041728,0,0.039988,0.036936,0.040941,0.034776,0.040741,0.040191,0,0.041812,0,0.041157,0.040896
0.027741,0.02441,0,0.014743,0.028167,0,0,0,0,0.028087,0.023591,0.0051783,0,0,0.023374,0,0.014265,0.015909,0,0.01655,0,0.025602,0,0.026631,0.028657,0.36843,0,0.013281,0,0,0.02549,0.026985,0.027431,0,0.026,0.024303,0.027485,0.022711,0.026526,0.02558,0,0.028651,0,0.027424,0.026794
0,0,0,0,0,0,0,0,0,0,0,0,0,0,0,0,0,0,0,0,0,0,0,0,0,0,1,0,0,0,0,0,0,0,0,0,0,0,0,0,0,0,0,0,0
0.020599,0.018224,0,0.010936,0.021134,0,0,0,0,0.020598,0.017616,0.0038692,0,0,0.017377,0,0.010674,0.011707,0,0.012326,0,0.019015,0,0.02101,0.020022,0.01054,0,0.52868,0,0,0.019,0.020689,0.020567,0,0.019396,0.018179,0.019876,0.016961,0.019724,0.018925,0,0.02064,0,0.019882,0.021838
0,0,0,0,0,0,0,0,0,0,0,0,0,0,0,0,0,0,0,0,0,0,0,0,0,0,0,0,1,0,0,0,0,0,0,0,0,0,0,0,0,0,0,0,0
0,0,0,0,0,0,0,0,0,0,0,0,0,0,0,0,0,0,0,0,0,0,0,0,0,0,0,0,0,1,0,0,0,0,0,0,0,0,0,0,0,0,0,0,0
0.03995,0.035548,0,0.021017,0.039631,0,0,0,0,0.039525,0.033692,0.0073176,0,0,0.035471,0,0.022296,0.022509,0,0.023473,0,0.037326,0,0.039053,0.039577,0.020066,0,0.018994,0,0,0.10979,0.039762,0.039868,0,0.037937,0.034571,0.038684,0.032348,0.037911,0.03708,0,0.039205,0,0.038981,0.038416
0.04187,0.037746,0,0.022821,0.042098,0,0,0,0,0.041739,0.037335,0.0081209,0,0,0.036265,0,0.021925,0.024195,0,0.025443,0,0.039881,0,0.041318,0.041057,0.021521,0,0.020582,0,0,0.039287,0.058022,0.042067,0,0.040153,0.036896,0.041047,0.035701,0.040536,0.038741,0,0.041508,0,0.04092,0.041207
0.042177,0.038032,0,0.023178,0.042715,0,0,0,0,0.04227,0.036858,0.0079965,0,0,0.036274,0,0.022471,0.024624,0,0.025473,0,0.039724,0,0.041388,0.041729,0.022194,0,0.021454,0,0,0.039818,0.042002,0.048649,0,0.040498,0.037631,0.041293,0.03561,0.041113,0.039425,0,0.042087,0,0.041366,0.041953
0,0,0,0,0,0,0,0,0,0,0,0,0,0,0,0,0,0,0,0,0,0,0,0,0,0,0,0,0,0,0,0,0,1,0,0,0,0,0,0,0,0,0,0,0
0.040581,0.036027,0,0.022593,0.040773,0,0,0,0,0.040367,0.034801,0.0075205,0,0,0.035001,0,0.022804,0.023049,0,0.023997,0,0.038299,0,0.039466,0.040564,0.021901,0,0.021131,0,0,0.037368,0.040454,0.040609,0,0.087274,0.035698,0.039142,0.033906,0.039253,0.037671,0,0.040232,0,0.03952,0.039997
0.03902,0.034367,0,0.020775,0.039362,0,0,0,0,0.039683,0.035431,0.0072721,0,0,0.03285,0,0.02007,0.022238,0,0.02318,0,0.037016,0,0.038213,0.038659,0.019863,0,0.018824,0,0,0.036571,0.039066,0.039108,0,0.037152,0.11901,0.038462,0.031979,0.038384,0.037441,0,0.039005,0,0.038582,0.038419
0.041548,0.037398,0,0.022024,0.041611,0,0,0,0,0.041529,0.03545,0.0077096,0,0,0.035537,0,0.021248,0.024248,0,0.024545,0,0.038992,0,0.041212,0.040809,0.021002,0,0.019925,0,0,0.039406,0.041021,0.04141,0,0.039766,0.036567,0.070118,0.034161,0.040258,0.038941,0,0.041888,0,0.04091,0.040765
0.036527,0.033699,0,0.019549,0.036924,0,0,0,0,0.037484,0.03136,0.0068551,0,0,0.031,0,0.018955,0.020883,0,0.021926,0,0.033946,0,0.036416,0.036802,0.018614,0,0.017682,0,0,0.033839,0.03718,0.036674,0,0.034508,0.037454,0.036316,0.16467,0.036199,0.034731,0,0.037268,0,0.03573,0.036807
0.040848,0.036695,0,0.021809,0.04126,0,0,0,0,0.04129,0.034876,0.0076032,0,0,0.034934,0,0.021067,0.023402,0,0.025597,0,0.038414,0,0.039893,0.040695,0.021812,0,0.019701,0,0,0.039937,0.041192,0.040942,0,0.039891,0.036575,0.040186,0.034283,0.076888,0.038345,0,0.041111,0,0.040011,0.040742
0.038902,0.034684,0,0.020672,0.038707,0,0,0,0,0.038894,0.032803,0.0071732,0,0,0.032456,0,0.019885,0.022026,0,0.022792,0,0.037196,0,0.037997,0.039741,0.022994,0,0.018551,0,0,0.036137,0.03846,0.038307,0,0.03768,0.033783,0.038044,0.033328,0.037757,0.12628,0,0.039057,0,0.037818,0.037875
0,0,0,0,0,0,0,0,0,0,0,0,0,0,0,0,0,0,0,0,0,0,0,0,0,0,0,0,0,0,0,0,0,0,0,0,0,0,0,0,1,0,0,0,0
0.042327,0.037289,0,0.023406,0.042328,0,0,0,0,0.042342,0.036161,0.0078364,0,0,0.035831,0,0.021644,0.024946,0,0.025492,0,0.039278,0,0.041267,0.041523,0.021691,0,0.020524,0,0,0.039266,0.041637,0.042196,0,0.040394,0.037444,0.04156,0.035293,0.041188,0.03947,0,0.055098,0,0.041338,0.041232
0,0,0,0,0,0,0,0,0,0,0,0,0,0,0,0,0,0,0,0,0,0,0,0,0,0,0,0,0,0,0,0,0,0,0,0,0,0,0,0,0,0,1,0,0
0.041104,0.038426,0,0.022772,0.041623,0,0,0,0,0.041385,0.036455,0.0077183,0,0,0.035401,0,0.021252,0.023553,0,0.024527,0,0.038825,0,0.040398,0.040854,0.020965,0,0.019915,0,0,0.039243,0.041345,0.041492,0,0.039808,0.036697,0.041354,0.034647,0.040906,0.038078,0,0.041573,0,0.068991,0.04069
0.041529,0.036925,0,0.022085,0.042014,0,0,0,0,0.041637,0.036328,0.0087595,0,0,0.036147,0,0.022802,0.024273,0,0.025168,0,0.038685,0,0.040828,0.0411,0.021069,0,0.020039,0,0,0.038714,0.041443,0.041782,0,0.039991,0.037224,0.040859,0.034405,0.040634,0.038433,0,0.041275,0,0.0405,0.065353
0.052648,0.037857,0,0.022792,0.042463,0,0,0,0,0.04227,0.036487,0.0082794,0,0,0.035973,0,0.022626,0.024139,0,0.0254,0,0.03955,0,0.041251,0.041619,0.021869,0,0.020609,0,0,0.03935,0.042004,0.042298,0,0.040268,0.037285,0.041785,0.035491,0.041026,0.039451,0,0.042161,0,0.041409,0.041641
0.037557,0.15343,0,0.019867,0.037383,0,0,0,0,0.037501,0.033953,0.0070203,0,0,0.031415,0,0.01926,0.021286,0,0.022099,0,0.036479,0,0.036434,0.037589,0.018943,0,0.017989,0,0,0.035207,0.037087,0.03751,0,0.035946,0.033295,0.037695,0.032107,0.036552,0.035499,0,0.037208,0,0.036794,0.036891
0,0,1,0,0,0,0,0,0,0,0,0,0,0,0,0,0,0,0,0,0,0,0,0,0,0,0,0,0,0,0,0,0,0,0,0,0,0,0,0,0,0,0,0,0
0.027271,0.024186,0,0.36658,0.027793,0,0,0,0,0.027891,0.023392,0.0051353,0,0,0.023042,0,0.014123,0.015635,0,0.016255,0,0.02541,0,0.026445,0.028372,0.01395,0,0.013386,0,0,0.027498,0.026785,0.027787,0,0.027056,0.024082,0.02643,0.027998,0.026251,0.025352,0,0.026889,0,0.026491,0.028509
0.042267,0.038058,0,0.023147,0.04671,0,0,0,0,0.042383,0.037161,0.0080912,0,0,0.036448,0,0.022297,0.024849,0,0.025418,0,0.040013,0,0.04153,0.041778,0.022299,0,0.020951,0,0,0.03968,0.04222,0.042734,0,0.040537,0.037771,0.041769,0.035147,0.041344,0.039618,0,0.042391,0,0.041574,0.041814
0,0,0,0,0,1,0,0,0,0,0,0,0,0,0,0,0,0,0,0,0,0,0,0,0,0,0,0,0,0,0,0,0,0,0,0,0,0,0,0,0,0,0,0,0
0,0,0,0,0,0,1,0,0,0,0,0,0,0,0,0,0,0,0,0,0,0,0,0,0,0,0,0,0,0,0,0,0,0,0,0,0,0,0,0,0,0,0,0,0
0,0,0,0,0,0,0,1,0,0,0,0,0,0,0,0,0,0,0,0,0,0,0,0,0,0,0,0,0,0,0,0,0,0,0,0,0,0,0,0,0,0,0,0,0
0,0,0,0,0,0,0,0,1,0,0,0,0,0,0,0,0,0,0,0,0,0,0,0,0,0,0,0,0,0,0,0,0,0,0,0,0,0,0,0,0,0,0,0,0
0.042231,0.037814,0,0.022659,0.042482,0,0,0,0,0.050398,0.036467,0.0080052,0,0,0.03626,0,0.021951,0.02437,0,0.025731,0,0.039458,0,0.04129,0.041926,0.021855,0,0.021248,0,0,0.039951,0.041984,0.042388,0,0.040362,0.03809,0.041438,0.035386,0.04136,0.039502,0,0.042129,0,0.041686,0.041583
0.038271,0.034636,0,0.020229,0.038117,0,0,0,0,0.038128,0.14256,0.0070644,0,0,0.031939,0,0.019487,0.021628,0,0.022537,0,0.036334,0,0.037665,0.037534,0.019215,0,0.020641,0,0,0.034873,0.038372,0.038104,0,0.03654,0.034267,0.03727,0.031048,0.03693,0.034852,0,0.037687,0,0.036952,0.037116
0,0,0,0,0,0,0,0,0,0,0,1,0,0,0,0,0,0,0,0,0,0,0,0,0,0,0,0,0,0,0,0,0,0,0,0,0,0,0,0,0,0,0,0,0
0,0,0,0,0,0,0,0,0,0,0,0,1,0,0,0,0,0,0,0,0,0,0,0,0,0,0,0,0,0,0,0,0,0,0,0,0,0,0,0,0,0,0,0,0
0,0,0,0,0,0,0,0,0,0,0,0,0,1,0,0,0,0,0,0,0,0,0,0,0,0,0,0,0,0,0,0,0,0,0,0,0,0,0,0,0,0,0,0,0
0.03417,0.032243,0,0.018372,0.034692,0,0,0,0,0.03416,0.029444,0.0063529,0,0,0.21471,0,0.017779,0.023385,0,0.02047,0,0.034352,0,0.033112,0.033405,0.017486,0,0.0166,0,0,0.032653,0.034374,0.034732,0,0.033653,0.030133,0.034095,0.030561,0.032876,0.031576,0,0.034395,0,0.035307,0.034911
0,0,0,0,0,0,0,0,0,0,0,0,0,0,0,1,0,0,0,0,0,0,0,0,0,0,0,0,0,0,0,0,0,0,0,0,0,0,0,0,0,0,0,0,0
0.028002,0.024369,0,0.014711,0.027794,0,0,0,0,0.028095,0.02369,0.0051475,0,0,0.023544,0,0.36524,0.015838,0,0.016497,0,0.027342,0,0.026684,0.026936,0.014123,0,0.013281,0,0,0.027556,0.027887,0.028422,0,0.02605,0.024363,0.026714,0.022677,0.027463,0.025438,0,0.027822,0,0.027496,0.026819
0.030895,0.027277,0,0.020598,0.031329,0,0,0,0,0.030648,0.026436,0.0057506,0,0,0.026015,0,0.01593,0.28432,0,0.018477,0,0.03015,0,0.030469,0.032456,0.015702,0,0.015092,0,0,0.030157,0.03024,0.031137,0,0.031288,0.027143,0.031039,0.025385,0.029658,0.030985,0,0.031509,0,0.029855,0.030063
0,0,0,0,0,0,0,0,0,0,0,0,0,0,0,0,0,0,1,0,0,0,0,0,0,0,0,0,0,0,0,0,0,0,0,0,0,0,0,0,0,0,0,0,0
0.027481,0.023722,0,0.014516,0.02766,0,0,0,0,0.027051,0.029561,0.0050557,0,0,0.02287,0,0.013971,0.025225,0,0.36887,0,0.025202,0,0.026015,0.02629,0.013759,0,0.013069,0,0,0.024935,0.026867,0.027077,0,0.02664,0.023679,0.026955,0.022245,0.025889,0.024778,0,0.026896,0,0.026872,0.026852
0,0,0,0,0,0,0,0,0,0,0,0,0,0,0,0,0,0,0,0,1,0,0,0,0,0,0,0,0,0,0,0,0,0,0,0,0,0,0,0,0,0,0,0,0
0.039936,0.035672,0,0.021131,0.040085,0,0,0,0,0.039857,0.033795,0.0073669,0,0,0.03341,0,0.020425,0.022633,0,0.025255,0,0.10552,0,0.03916,0.039269,0.020158,0,0.019112,0,0,0.037918,0.03981,0.039716,0,0.037831,0.035529,0.038756,0.033343,0.039281,0.037015,0,0.039486,0,0.039186,0.039346
0,0,0,0,0,0,0,0,0,0,0,0,0,0,0,0,0,0,0,0,0,0,1,0,0,0,0,0,0,0,0,0,0,0,0,0,0,0,0,0,0,0,0,0,0
0.041606,0.03707,0,0.021891,0.041428,0,0,0,0,0.041389,0.036009,0.0076585,0,0,0.035914,0,0.021202,0.024084,0,0.026114,0,0.039078,0,0.071044,0.040657,0.020932,0,0.019794,0,0,0.03831,0.040901,0.041161,0,0.039771,0.03756,0.040041,0.035349,0.040029,0.038532,0,0.041335,0,0.040305,0.040835
0.041631,0.037744,0,0.02268,0.041818,0,0,0,0,0.041637,0.036215,0.0077148,0,0,0.035977,0,0.02131,0.024493,0,0.025742,0,0.039102,0,0.040646,0.062641,0.021647,0,0.019971,0,0,0.039049,0.041174,0.041693,0,0.039755,0.038422,0.040503,0.034459,0.040828,0.040401,0,0.041371,0,0.04071,0.040668
0.027611,0.024266,0,0.014598,0.027882,0,0,0,0,0.027731,0.023509,0.0051653,0,0,0.026828,0,0.014275,0.015717,0,0.016378,0,0.025538,0,0.026573,0.027281,0.3658,0,0.013395,0,0,0.025455,0.027795,0.027568,0,0.025912,0.024252,0.026571,0.022642,0.028299,0.025354,0,0.027379,0,0.028028,0.028201
0,0,0,0,0,0,0,0,0,0,0,0,0,0,0,0,0,0,0,0,0,0,0,0,0,0,1,0,0,0,0,0,0,0,0,0,0,0,0,0,0,0,0,0,0
0.020532,0.01818,0,0.011055,0.020913,0,0,0,0,0.020498,0.017493,0.0039168,0,0,0.017314,0,0.010714,0.01187,0,0.012232,0,0.019016,0,0.019851,0.020716,0.01059,0,0.52641,0,0,0.018951,0.020132,0.021233,0,0.020941,0.018066,0.020803,0.016917,0.020871,0.02072,0,0.020208,0,0.019863,0.02
0,0,0,0,0,0,0,0,0,0,0,0,0,0,0,0,0,0,0,0,0,0,0,0,0,0,0,0,1,0,0,0,0,0,0,0,0,0,0,0,0,0,0,0,0
0,0,0,0,0,0,0,0,0,0,0,0,0,0,0,0,0,0,0,0,0,0,0,0,0,0,0,0,0,1,0,0,0,0,0,0,0,0,0,0,0,0,0,0,0
0.039376,0.03538,0,0.02108,0.039933,0,0,0,0,0.039704,0.03376,0.007381,0,0,0.033264,0,0.020392,0.022511,0,0.02343,0,0.036929,0,0.038651,0.03941,0.020044,0,0.019058,0,0,0.11088,0.039972,0.03989,0,0.038718,0.035728,0.038679,0.033402,0.038655,0.036759,0,0.039162,0,0.038958,0.038899
0.041903,0.03721,0,0.023249,0.042114,0,0,0,0,0.041894,0.036704,0.0077914,0,0,0.035631,0,0.021904,0.024964,0,0.025205,0,0.039948,0,0.041271,0.041515,0.021662,0,0.020189,0,0,0.039266,0.056824,0.04206,0,0.040233,0.037534,0.040944,0.034674,0.04109,0.039574,0,0.041667,0,0.041417,0.041564
0.042138,0.037842,0,0.023338,0.042682,0,0,0,0,0.042187,0.03695,0.0083469,0,0,0.035991,0,0.022506,0.024649,0,0.025336,0,0.039637,0,0.041357,0.041589,0.022218,0,0.020738,0,0,0.039864,0.042122,0.049653,0,0.040508,0.037697,0.041495,0.035344,0.041145,0.039451,0,0.042123,0,0.04151,0.041582
0,0,0,0,0,0,0,0,0,0,0,0,0,0,0,0,0,0,0,0,0,0,0,0,0,0,0,0,0,0,0,0,0,1,0,0,0,0,0,0,0,0,0,0,0
0.039111,0.03533,0,0.022544,0.039625,0,0,0,0,0.039199,0.035945,0.0073283,0,0,0.03482,0,0.020213,0.022445,0,0.023316,0,0.037067,0,0.038792,0.038965,0.019969,0,0.01896,0,0,0.036554,0.039189,0.039458,0,0.10977,0.034942,0.039444,0.033182,0.038348,0.037424,0,0.039285,0,0.039374,0.0394
0.034786,0.032442,0,0.018685,0.035568,0,0,0,0,0.035503,0.029828,0.0065341,0,0,0.029514,0,0.018141,0.019994,0,0.02079,0,0.03234,0,0.033718,0.035277,0.01787,0,0.016969,0,0,0.032265,0.034829,0.035397,0,0.033678,0.20971,0.034191,0.028728,0.035075,0.034488,0,0.035149,0,0.034604,0.033932
0.041915,0.037299,0,0.022736,0.041696,0,0,0,0,0.041461,0.035277,0.007714,0,0,0.035916,0,0.022156,0.024153,0,0.024607,0,0.039119,0,0.040464,0.041075,0.02103,0,0.02094,0,0,0.038721,0.041108,0.041543,0,0.039349,0.037181,0.06761,0.0343,0.040388,0.038408,0,0.041745,0,0.04089,0.0412
0.033649,0.029309,0,0.017766,0.033576,0,0,0,0,0.033946,0.02841,0.0062387,0,0,0.03004,0,0.023012,0.019067,0,0.019916,0,0.031892,0,0.032057,0.032691,0.016925,0,0.016071,0,0,0.030717,0.033325,0.033447,0,0.032656,0.030405,0.032438,0.2404,0.031851,0.030548,0,0.032746,0,0.033801,0.0331
0.041004,0.037739,0,0.021805,0.041201,0,0,0,0,0.041401,0.036564,0.0076285,0,0,0.03525,0,0.022103,0.023342,0,0.024332,0,0.038108,0,0.040015,0.040697,0.021758,0,0.019738,0,0,0.038468,0.040634,0.041053,0,0.039403,0.036864,0.039928,0.035471,0.075338,0.038343,0,0.040842,0,0.040626,0.040344
0.039826,0.03613,0,0.020911,0.039762,0,0,0,0,0.039607,0.034751,0.0073144,0,0,0.033903,0,0.020224,0.022428,0,0.025118,0,0.036752,0,0.038437,0.039954,0.020071,0,0.018952,0,0,0.036221,0.039081,0.039328,0,0.037977,0.037515,0.038296,0.033142,0.038523,0.10938,0,0.038979,0,0.038412,0.039007
0,0,0,0,0,0,0,0,0,0,0,0,0,0,0,0,0,0,0,0,0,0,0,0,0,0,0,0,0,0,0,0,0,0,0,0,0,0,0,0,1,0,0,0,0
0.042218,0.037591,0,0.02327,0.042188,0,0,0,0,0.042142,0.036894,0.0077888,0,0,0.035959,0,0.022051,0.024803,0,0.02588,0,0.03959,0,0.041103,0.041743,0.021993,0,0.020186,0,0,0.039357,0.04168,0.042053,0,0.040034,0.037209,0.041577,0.034649,0.040745,0.038989,0,0.055719,0,0.041312,0.041276
0,0,0,0,0,0,0,0,0,0,0,0,0,0,0,0,0,0,0,0,0,0,0,0,0,0,0,0,0,0,0,0,0,0,0,0,0,0,0,0,0,0,1,0,0
0.04133,0.037913,0,0.021863,0.041469,0,0,0,0,0.041383,0.036058,0.007657,0,0,0.03569,0,0.02299,0.023434,0,0.026167,0,0.038535,0,0.040915,0.040712,0.020906,0,0.02157,0,0,0.038201,0.041052,0.041319,0,0.0392,0.037378,0.040344,0.035136,0.04,0.038918,0,0.041019,0,0.068081,0.040762
0.041627,0.036927,0,0.023162,0.042003,0,0,0,0,0.041821,0.035849,0.0077798,0,0,0.03603,0,0.021437,0.024087,0,0.025727,0,0.038922,0,0.040877,0.041037,0.021102,0,0.020056,0,0,0.039036,0.04146,0.041798,0,0.039819,0.037027,0.040509,0.035429,0.04068,0.038939,0,0.041623,0,0.040239,0.065
0.052038,0.037465,0,0.023693,0.042308,0,0,0,0,0.042013,0.036782,0.0080193,0,0,0.0362,0,0.022199,0.024571,0,0.025846,0,0.039569,0,0.041071,0.041764,0.021832,0,0.020625,0,0,0.039619,0.041932,0.042185,0,0.040685,0.037201,0.041389,0.035464,0.040888,0.039733,0,0.041979,0,0.041337,0.041593
0.037636,0.14306,0,0.020279,0.038694,0,0,0,0,0.03844,0.032434,0.007072,0,0,0.034417,0,0.019604,0.02165,0,0.024822,0,0.037058,0,0.038446,0.037394,0.019402,0,0.0183,0,0,0.034959,0.037632,0.038233,0,0.035711,0.033328,0.037018,0.031145,0.036294,0.034851,0,0.037726,0,0.037026,0.037367
0,0,1,0,0,0,0,0,0,0,0,0,0,0,0,0,0,0,0,0,0,0,0,0,0,0,0,0,0,0,0,0,0,0,0,0,0,0,0,0,0,0,0,0,0
0.027925,0.026839,0,0.36504,0.02806,0,0,0,0,0.027179,0.023513,0.0052036,0,0,0.023272,0,0.014281,0.015731,0,0.016376,0,0.025546,0,0.026614,0.027368,0.014113,0,0.013435,0,0,0.025472,0.027373,0.028199,0,0.027145,0.0262,0.02812,0.022626,0.02741,0.025386,0,0.028129,0,0.026652,0.026796
0.042447,0.03823,0,0.022647,0.046665,0,0,0,0,0.042366,0.036578,0.0080557,0,0,0.036298,0,0.022402,0.024761,0,0.025938,0,0.039883,0,0.041639,0.041899,0.022465,0,0.020915,0,0,0.039893,0.04211,0.042713,0,0.040558,0.037664,0.041651,0.035446,0.041243,0.039548,0,0.042283,0,0.041722,0.041982
0,0,0,0,0,1,0,0,0,0,0,0,0,0,0,0,0,0,0,0,0,0,0,0,0,0,0,0,0,0,0,0,0,0,0,0,0,0,0,0,0,0,0,0,0
0,0,0,0,0,0,1,0,0,0,0,0,0,0,0,0,0,0,0,0,0,0,0,0,0,0,0,0,0,0,0,0,0,0,0,0,0,0,0,0,0,0,0,0,0
0,0,0,0,0,0,0,1,0,0,0,0,0,0,0,0,0,0,0,0,0,0,0,0,0,0,0,0,0,0,0,0,0,0,0,0,0,0,0,0,0,0,0,0,0
0,0,0,0,0,0,0,0,1,0,0,0,0,0,0,0,0,0,0,0,0,0,0,0,0,0,0,0,0,0,0,0,0,0,0,0,0,0,0,0,0,0,0,0,0
0.042221,0.037962,0,0.022983,0.042299,0,0,0,0,0.050826,0.036978,0.0085845,0,0,0.036202,0,0.022621,0.024577,0,0.025692,0,0.039527,0,0.041299,0.041591,0.021626,0,0.020665,0,0,0.039484,0.041836,0.042179,0,0.040057,0.038085,0.041162,0.035808,0.041133,0.039491,0,0.042107,0,0.041492,0.041513
0.036483,0.031792,0,0.019261,0.036525,0,0,0,0,0.036198,0.18514,0.0067222,0,0,0.030489,0,0.018623,0.020704,0,0.02154,0,0.034193,0,0.035994,0.03559,0.018384,0,0.017371,0,0,0.034374,0.03689,0.036407,0,0.034481,0.031691,0.036083,0.029684,0.035589,0.033147,0,0.035979,0,0.034813,0.035853
0.020629,0.018121,0,0.011013,0.020678,0,0,0,0,0.020913,0.01752,0.52407,0,0,0.017257,0,0.01067,0.011733,0,0.012208,0,0.018971,0,0.019798,0.019957,0.010447,0,0.010024,0,0,0.018947,0.020707,0.020865,0,0.019359,0.018063,0.021036,0.016875,0.019732,0.018854,0,0.021764,0,0.019821,0.019971
0,0,0,0,0,0,0,0,0,0,0,0,1,0,0,0,0,0,0,0,0,0,0,0,0,0,0,0,0,0,0,0,0,0,0,0,0,0,0,0,0,0,0,0,0
0,0,0,0,0,0,0,0,0,0,0,0,0,1,0,0,0,0,0,0,0,0,0,0,0,0,0,0,0,0,0,0,0,0,0,0,0,0,0,0,0,0,0,0,0
0.037639,0.033771,0,0.019842,0.037936,0,0,0,0,0.037535,0.033808,0.0069317,0,0,0.15149,0,0.019329,0.021286,0,0.024508,0,0.035273,0,0.036965,0.03706,0.021234,0,0.018078,0,0,0.035136,0.03709,0.037736,0,0.036562,0.032743,0.037071,0.030612,0.035734,0.034373,0,0.03693,0,0.036497,0.036828
0,0,0,0,0,0,0,0,0,0,0,0,0,0,0,1,0,0,0,0,0,0,0,0,0,0,0,0,0,0,0,0,0,0,0,0,0,0,0,0,0,0,0,0,0
0.027224,0.02802,0,0.014646,0.027837,0,0,0,0,0.027491,0.023384,0.0051208,0,0,0.023128,0,0.37097,0.015672,0,0.016251,0,0.025317,0,0.026386,0.027227,0.014076,0,0.013296,0,0,0.025269,0.027356,0.02822,0,0.027703,0.024047,0.026405,0.022476,0.026262,0.025203,0,0.027233,0,0.027204,0.026575
0,0,0,0,0,0,0,0,0,0,0,0,0,0,0,0,0,1,0,0,0,0,0,0,0,0,0,0,0,0,0,0,0,0,0,0,0,0,0,0,0,0,0,0,0
0,0,0,0,0,0,0,0,0,0,0,0,0,0,0,0,0,0,1,0,0,0,0,0,0,0,0,0,0,0,0,0,0,0,0,0,0,0,0,0,0,0,0,0,0
0,0,0,0,0,0,0,0,0,0,0,0,0,0,0,0,0,0,0,1,0,0,0,0,0,0,0,0,0,0,0,0,0,0,0,0,0,0,0,0,0,0,0,0,0
0,0,0,0,0,0,0,0,0,0,0,0,0,0,0,0,0,0,0,0,1,0,0,0,0,0,0,0,0,0,0,0,0,0,0,0,0,0,0,0,0,0,0,0,0
0.039627,0.036033,0,0.022638,0.039921,0,0,0,0,0.039787,0.035038,0.0073362,0,0,0.035119,0,0.020345,0.023828,0,0.024832,0,0.10473,0,0.038867,0.038734,0.020074,0,0.019055,0,0,0.037579,0.039699,0.039681,0,0.037862,0.036528,0.038799,0.03232,0.038796,0.036619,0,0.039253,0,0.038333,0.038567
0,0,0,0,0,0,0,0,0,0,0,0,0,0,0,0,0,0,0,0,0,0,1,0,0,0,0,0,0,0,0,0,0,0,0,0,0,0,0,0,0,0,0,0,0
0.041159,0.037913,0,0.021902,0.041391,0,0,0,0,0.041502,0.035781,0.0076433,0,0,0.036098,0,0.021135,0.023387,0,0.025352,0,0.038239,0,0.071689,0.040467,0.022348,0,0.021709,0,0,0.03857,0.040893,0.041128,0,0.039901,0.037216,0.040414,0.033895,0.040413,0.038039,0,0.040988,0,0.040171,0.040657
0.041963,0.03744,0,0.022194,0.041972,0,0,0,0,0.041864,0.036112,0.0077408,0,0,0.035579,0,0.021421,0.024756,0,0.024742,0,0.039041,0,0.040869,0.063,0.021128,0,0.020062,0,0,0.039174,0.041264,0.041812,0,0.039912,0.037125,0.040876,0.034507,0.040254,0.041179,0,0.041692,0,0.041216,0.041104
0.02779,0.024205,0,0.014626,0.028014,0,0,0,0,0.027682,0.023535,0.0051542,0,0,0.023098,0,0.014156,0.015676,0,0.023102,0,0.025425,0,0.028079,0.02783,0.36504,0,0.013272,0,0,0.025286,0.027231,0.027703,0,0.025862,0.02419,0.026454,0.022521,0.026292,0.027419,0,0.02724,0,0.026461,0.026658
0,0,0,0,0,0,0,0,0,0,0,0,0,0,0,0,0,0,0,0,0,0,0,0,0,0,1,0,0,0,0,0,0,0,0,0,0,0,0,0,0,0,0,0,0
0.027767,0.024375,0,0.014765,0.028366,0,0,0,0,0.027197,0.023633,0.0051326,0,0,0.026772,0,0.014246,0.015787,0,0.016447,0,0.027107,0,0.027496,0.026855,0.014122,0,0.36403,0,0,0.025499,0.02836,0.028118,0,0.026045,0.024292,0.026655,0.022696,0.026474,0.025436,0,0.027094,0,0.026644,0.028589
0,0,0,0,0,0,0,0,0,0,0,0,0,0,0,0,0,0,0,0,0,0,0,0,0,0,0,0,1,0,0,0,0,0,0,0,0,0,0,0,0,0,0,0,0
0,0,0,0,0,0,0,0,0,0,0,0,0,0,0,0,0,0,0,0,0,0,0,0,0,0,0,0,0,1,0,0,0,0,0,0,0,0,0,0,0,0,0,0,0
0.039607,0.034759,0,0.021069,0.039615,0,0,0,0,0.039925,0.033691,0.007343,0,0,0.033245,0,0.020405,0.022504,0,0.023512,0,0.037299,0,0.039325,0.039121,0.020031,0,0.019031,0,0,0.10937,0.039838,0.039696,0,0.038325,0.036347,0.040014,0.033462,0.038403,0.036898,0,0.039415,0,0.038778,0.038968
0.041965,0.03676,0,0.022279,0.042056,0,0,0,0,0.042092,0.036731,0.0077742,0,0,0.036521,0,0.021939,0.024207,0,0.026432,0,0.039872,0,0.041271,0.041533,0.021287,0,0.020138,0,0,0.040037,0.056682,0.04201,0,0.040267,0.037693,0.041176,0.035237,0.041358,0.038387,0,0.04177,0,0.041182,0.041344
0.042158,0.037917,0,0.023037,0.042797,0,0,0,0,0.04229,0.036556,0.0080193,0,0,0.036423,0,0.022487,0.024742,0,0.025719,0,0.039751,0,0.041383,0.041651,0.021941,0,0.021232,0,0,0.039744,0.042049,0.049769,0,0.040367,0.037501,0.041463,0.035386,0.041134,0.039194,0,0.042168,0,0.04138,0.041742
0,0,0,0,0,0,0,0,0,0,0,0,0,0,0,0,0,0,0,0,0,0,0,0,0,0,0,0,0,0,0,0,0,1,0,0,0,0,0,0,0,0,0,0,0
0.040485,0.03626,0,0.024017,0.041094,0,0,0,0,0.04047,0.035535,0.0075704,0,0,0.034848,0,0.022143,0.02314,0,0.024108,0,0.038494,0,0.040194,0.04049,0.020653,0,0.019611,0,0,0.037947,0.040269,0.041102,0,0.084388,0.036592,0.03978,0.033268,0.03978,0.037269,0,0.040779,0,0.039372,0.04034
0.039511,0.037417,0,0.020839,0.039335,0,0,0,0,0.039541,0.034475,0.0073165,0,0,0.033908,0,0.020207,0.022283,0,0.023273,0,0.037574,0,0.039594,0.038942,0.019881,0,0.018868,0,0,0.036009,0.03875,0.039272,0,0.037228,0.11297,0.038721,0.034282,0.038046,0.036275,0,0.038907,0,0.038306,0.038267
0.041517,0.037244,0,0.022344,0.041598,0,0,0,0,0.041423,0.036052,0.0077144,0,0,0.035025,0,0.022135,0.024188,0,0.0245,0,0.03904,0,0.040086,0.040893,0.020934,0,0.019897,0,0,0.038712,0.041131,0.041442,0,0.039014,0.037716,0.070489,0.034553,0.040433,0.038826,0,0.04158,0,0.040906,0.040608
0.035989,0.031827,0,0.019287,0.036482,0,0,0,0,0.036215,0.031001,0.0067204,0,0,0.030508,0,0.018665,0.02057,0,0.021462,0,0.034357,0,0.035575,0.035645,0.018424,0,0.017505,0,0,0.033325,0.037613,0.036564,0,0.033963,0.032838,0.035584,0.18388,0.035342,0.033237,0,0.036246,0,0.035188,0.035992
0.041272,0.037444,0,0.021901,0.041515,0,0,0,0,0.041025,0.035918,0.0076565,0,0,0.034595,0,0.021173,0.023441,0,0.024397,0,0.038808,0,0.040821,0.040457,0.020881,0,0.019806,0,0,0.039126,0.040816,0.041381,0,0.039288,0.037345,0.040286,0.034062,0.075412,0.038856,0,0.04091,0,0.040668,0.040742
0.040174,0.035603,0,0.021154,0.040045,0,0,0,0,0.040158,0.033959,0.0073854,0,0,0.034185,0,0.020488,0.024238,0,0.023665,0,0.037773,0,0.038771,0.041149,0.02019,0,0.019133,0,0,0.03786,0.039465,0.039819,0,0.037995,0.035477,0.039271,0.032638,0.038525,0.10207,0,0.039787,0,0.039577,0.039446
0,0,0,0,0,0,0,0,0,0,0,0,0,0,0,0,0,0,0,0,0,0,0,0,0,0,0,0,0,0,0,0,0,0,0,0,0,0,0,0,1,0,0,0,0
0.041972,0.037342,0,0.023023,0.042313,0,0,0,0,0.042131,0.036263,0.0086688,0,0,0.03546,0,0.021582,0.024138,0,0.025521,0,0.03935,0,0.040801,0.041665,0.021271,0,0.021353,0,0,0.039396,0.041809,0.042001,0,0.040178,0.037289,0.041723,0.035279,0.041255,0.039353,0,0.056281,0,0.041239,0.041344
0,0,0,0,0,0,0,0,0,0,0,0,0,0,0,0,0,0,0,0,0,0,0,0,0,0,0,0,0,0,0,0,0,0,0,0,0,0,0,0,0,0,1,0,0
0.041318,0.037998,0,0.021986,0.041445,0,0,0,0,0.041503,0.03579,0.0076756,0,0,0.035012,0,0.022112,0.023496,0,0.024489,0,0.039549,0,0.040394,0.040644,0.022467,0,0.019848,0,0,0.038995,0.040937,0.041419,0,0.040045,0.037141,0.040526,0.034603,0.041118,0.038679,0,0.041316,0,0.068618,0.040877
0.041553,0.037472,0,0.02207,0.04182,0,0,0,0,0.041703,0.035894,0.0077225,0,0,0.036368,0,0.021371,0.024082,0,0.024651,0,0.039619,0,0.040772,0.041186,0.021778,0,0.021319,0,0,0.038755,0.041483,0.041665,0,0.040124,0.036792,0.040733,0.03443,0.040579,0.038805,0,0.041302,0,0.040837,0.065113
0.052176,0.037892,0,0.022613,0.042391,0,0,0,0,0.042198,0.037137,0.0084652,0,0,0.036233,0,0.022524,0.024104,0,0.026063,0,0.039132,0,0.041014,0.041442,0.021604,0,0.020637,0,0,0.039387,0.042065,0.04228,0,0.040219,0.038237,0.041516,0.035714,0.041096,0.039248,0,0.041954,0,0.041284,0.041376
0.038247,0.13296,0,0.020313,0.038488,0,0,0,0,0.038518,0.034383,0.0071068,0,0,0.032043,0,0.023626,0.021739,0,0.022632,0,0.035214,0,0.037887,0.037356,0.019481,0,0.018378,0,0,0.036914,0.037613,0.038372,0,0.036754,0.034092,0.037472,0.033115,0.037498,0.036565,0,0.037693,0,0.037496,0.038048
0,0,1,0,0,0,0,0,0,0,0,0,0,0,0,0,0,0,0,0,0,0,0,0,0,0,0,0,0,0,0,0,0,0,0,0,0,0,0,0,0,0,0,0,0
0,0,0,1,0,0,0,0,0,0,0,0,0,0,0,0,0,0,0,0,0,0,0,0,0,0,0,0,0,0,0,0,0,0,0,0,0,0,0,0,0,0,0,0,0
0.04246,0.037801,0,0.023422,0.046613,0,0,0,0,0.042475,0.036986,0.0078894,0,0,0.036363,0,0.021934,0.024761,0,0.025436,0,0.040135,0,0.041724,0.041899,0.022189,0,0.021107,0,0,0.039751,0.042142,0.042737,0,0.040638,0.037879,0.041567,0.035303,0.041403,0.039678,0,0.042321,0,0.041541,0.041845
0,0,0,0,0,1,0,0,0,0,0,0,0,0,0,0,0,0,0,0,0,0,0,0,0,0,0,0,0,0,0,0,0,0,0,0,0,0,0,0,0,0,0,0,0
0,0,0,0,0,0,1,0,0,0,0,0,0,0,0,0,0,0,0,0,0,0,0,0,0,0,0,0,0,0,0,0,0,0,0,0,0,0,0,0,0,0,0,0,0
0,0,0,0,0,0,0,1,0,0,0,0,0,0,0,0,0,0,0,0,0,0,0,0,0,0,0,0,0,0,0,0,0,0,0,0,0,0,0,0,0,0,0,0,0
0,0,0,0,0,0,0,0,1,0,0,0,0,0,0,0,0,0,0,0,0,0,0,0,0,0,0,0,0,0,0,0,0,0,0,0,0,0,0,0,0,0,0,0,0
0.042254,0.037835,0,0.022873,0.042443,0,0,0,0,0.050129,0.036622,0.0078521,0,0,0.036073,0,0.022157,0.025245,0,0.025559,0,0.039705,0,0.041393,0.041733,0.021588,0,0.020626,0,0,0.04003,0.042027,0.042225,0,0.040331,0.038227,0.041554,0.035246,0.041384,0.039414,0,0.042341,0,0.041443,0.04169
0.033352,0.029153,0,0.017765,0.033657,0,0,0,0,0.033105,0.24489,0.0061645,0,0,0.028088,0,0.017196,0.019071,0,0.026122,0,0.034992,0,0.031902,0.033104,0.016983,0,0.015937,0,0,0.030612,0.033315,0.033547,0,0.032011,0.029074,0.032527,0.027164,0.031727,0.03047,0,0.033368,0,0.032574,0.03213
0.031787,0.027589,0,0.016737,0.031705,0,0,0,0,0.031961,0.026713,0.27104,0,0,0.026284,0,0.016205,0.021979,0,0.018687,0,0.028896,0,0.030111,0.030393,0.01591,0,0.015123,0,0,0.028844,0.031249,0.031442,0,0.030288,0.027435,0.030848,0.025754,0.030656,0.028753,0,0.03146,0,0.031316,0.030832
0,0,0,0,0,0,0,0,0,0,0,0,1,0,0,0,0,0,0,0,0,0,0,0,0,0,0,0,0,0,0,0,0,0,0,0,0,0,0,0,0,0,0,0,0
0,0,0,0,0,0,0,0,0,0,0,0,0,1,0,0,0,0,0,0,0,0,0,0,0,0,0,0,0,0,0,0,0,0,0,0,0,0,0,0,0,0,0,0,0
0.035681,0.031303,0,0.018907,0.036039,0,0,0,0,0.035595,0.033963,0.0066306,0,0,0.18647,0,0.018399,0.024206,0,0.024969,0,0.034913,0,0.035146,0.034796,0.018137,0,0.017133,0,0,0.033708,0.035985,0.035721,0,0.033422,0.032194,0.034635,0.029179,0.034538,0.032618,0,0.035944,0,0.035062,0.034701
0,0,0,0,0,0,0,0,0,0,0,0,0,0,0,1,0,0,0,0,0,0,0,0,0,0,0,0,0,0,0,0,0,0,0,0,0,0,0,0,0,0,0,0,0
0.027578,0.024327,0,0.014625,0.027668,0,0,0,0,0.027308,0.023483,0.0051208,0,0,0.023206,0,0.36668,0.01568,0,0.016389,0,0.02751,0,0.026538,0.02727,0.014051,0,0.013233,0,0,0.025304,0.027749,0.02794,0,0.027117,0.026029,0.026553,0.022702,0.027365,0.025275,0,0.027691,0,0.028208,0.0274
0.032156,0.027477,0,0.016647,0.031443,0,0,0,0,0.031724,0.026745,0.0059374,0,0,0.026384,0,0.016119,0.28583,0,0.018618,0,0.030583,0,0.030836,0.030355,0.015882,0,0.015108,0,0,0.028827,0.031966,0.03094,0,0.030374,0.027378,0.030867,0.025726,0.029895,0.028649,0,0.031215,0,0.031452,0.030863
0,0,0,0,0,0,0,0,0,0,0,0,0,0,0,0,0,0,1,0,0,0,0,0,0,0,0,0,0,0,0,0,0,0,0,0,0,0,0,0,0,0,0,0,0
0.031678,0.029704,0,0.02018,0.031542,0,0,0,0,0.031529,0.026711,0.0058445,0,0,0.026359,0,0.016147,0.017961,0,0.2838,0,0.028904,0,0.030721,0.030315,0.015894,0,0.014976,0,0,0.028829,0.030827,0.031613,0,0.031157,0.027406,0.030691,0.025683,0.029875,0.028628,0,0.031674,0,0.030105,0.031249
0,0,0,0,0,0,0,0,0,0,0,0,0,0,0,0,0,0,0,0,1,0,0,0,0,0,0,0,0,0,0,0,0,0,0,0,0,0,0,0,0,0,0,0,0
0.040057,0.036108,0,0.021122,0.039798,0,0,0,0,0.039512,0.034455,0.0073302,0,0,0.033846,0,0.020317,0.02409,0,0.023548,0,0.10554,0,0.03905,0.039025,0.020037,0,0.019008,0,0,0.037191,0.039727,0.039443,0,0.038423,0.034602,0.038815,0.035509,0.038571,0.037389,0,0.039075,0,0.038646,0.039769
0,0,0,0,0,0,0,0,0,0,0,0,0,0,0,0,0,0,0,0,0,0,1,0,0,0,0,0,0,0,0,0,0,0,0,0,0,0,0,0,0,0,0,0,0
0.041489,0.037403,0,0.021954,0.04169,0,0,0,0,0.041352,0.035848,0.0076899,0,0,0.036278,0,0.021282,0.023514,0,0.024529,0,0.039323,0,0.071289,0.040848,0.021967,0,0.0199,0,0,0.038221,0.041218,0.041514,0,0.039758,0.037126,0.040418,0.034709,0.039758,0.038466,0,0.041006,0,0.040481,0.040967
0.041764,0.038138,0,0.02217,0.041966,0,0,0,0,0.041781,0.035718,0.0077604,0,0,0.035848,0,0.021466,0.023719,0,0.027073,0,0.039311,0,0.040675,0.062811,0.021713,0,0.020059,0,0,0.038678,0.041256,0.041749,0,0.03946,0.036581,0.04097,0.034096,0.041277,0.039936,0,0.041697,0,0.041052,0.041275
0.031009,0.027595,0,0.016718,0.032104,0,0,0,0,0.031423,0.026758,0.0058592,0,0,0.028513,0,0.016257,0.017895,0,0.018666,0,0.028999,0,0.030788,0.031301,0.28178,0,0.01521,0,0,0.030673,0.03128,0.031782,0,0.0295,0.027501,0.030757,0.025778,0.030857,0.028781,0,0.031156,0,0.030241,0.03082
0,0,0,0,0,0,0,0,0,0,0,0,0,0,0,0,0,0,0,0,0,0,0,0,0,0,1,0,0,0,0,0,0,0,0,0,0,0,0,0,0,0,0,0,0
0.027888,0.024371,0,0.014802,0.028103,0,0,0,0,0.027603,0.026021,0.0051451,0,0,0.023318,0,0.014249,0.015829,0,0.016441,0,0.025604,0,0.027327,0.027429,0.014038,0,0.36266,0,0,0.025427,0.027042,0.028127,0,0.026012,0.02625,0.026702,0.022749,0.027233,0.026869,0,0.02742,0,0.027333,0.028013
0,0,0,0,0,0,0,0,0,0,0,0,0,0,0,0,0,0,0,0,0,0,0,0,0,0,0,0,1,0,0,0,0,0,0,0,0,0,0,0,0,0,0,0,0
0,0,0,0,0,0,0,0,0,0,0,0,0,0,0,0,0,0,0,0,0,0,0,0,0,0,0,0,0,1,0,0,0,0,0,0,0,0,0,0,0,0,0,0,0
0.039196,0.035222,0,0.023122,0.039741,0,0,0,0,0.039395,0.033575,0.0073302,0,0,0.034625,0,0.0203,0.022424,0,0.023379,0,0.037351,0,0.038551,0.039374,0.020027,0,0.018953,0,0,0.11053,0.039066,0.0398,0,0.038362,0.034467,0.038998,0.033643,0.038887,0.037442,0,0.038969,0,0.03842,0.038852
0.041581,0.037432,0,0.022188,0.042162,0,0,0,0,0.041718,0.036156,0.007771,0,0,0.036953,0,0.022485,0.023768,0,0.025511,0,0.039007,0,0.040947,0.041355,0.021209,0,0.021208,0,0,0.039978,0.058919,0.042001,0,0.039798,0.037054,0.041092,0.03543,0.040857,0.039241,0,0.041633,0,0.041206,0.041343
0.042363,0.037701,0,0.022735,0.042845,0,0,0,0,0.042341,0.037074,0.0078646,0,0,0.035977,0,0.022392,0.024772,0,0.025656,0,0.039625,0,0.041589,0.041804,0.021912,0,0.021018,0,0,0.039461,0.042011,0.050285,0,0.040488,0.038063,0.041328,0.034919,0.04109,0.039708,0,0.042114,0,0.041208,0.041655
0,0,0,0,0,0,0,0,0,0,0,0,0,0,0,0,0,0,0,0,0,0,0,0,0,0,0,0,0,0,0,0,0,1,0,0,0,0,0,0,0,0,0,0,0
0.039481,0.036458,0,0.020888,0.039684,0,0,0,0,0.039473,0.033461,0.0073133,0,0,0.03403,0,0.020165,0.022361,0,0.023366,0,0.036277,0,0.039158,0.039434,0.02002,0,0.01899,0,0,0.038849,0.03901,0.039364,0,0.11454,0.034486,0.039047,0.032157,0.038368,0.037056,0,0.039334,0,0.038399,0.038829
0.039164,0.035119,0,0.022876,0.039718,0,0,0,0,0.039579,0.034221,0.0072906,0,0,0.033961,0,0.020254,0.02241,0,0.023306,0,0.037147,0,0.038095,0.038422,0.02157,0,0.018957,0,0,0.036745,0.039323,0.039561,0,0.037396,0.11212,0.03878,0.03279,0.038054,0.036348,0,0.039462,0,0.038264,0.039072
0.041183,0.037157,0,0.021956,0.04173,0,0,0,0,0.041339,0.03593,0.0089176,0,0,0.035824,0,0.022065,0.024228,0,0.024523,0,0.038416,0,0.040442,0.040723,0.020952,0,0.020923,0,0,0.038404,0.041012,0.041469,0,0.039553,0.036818,0.070039,0.034573,0.040201,0.038365,0,0.041538,0,0.040657,0.041064
0.035619,0.030807,0,0.018533,0.035059,0,0,0,0,0.035775,0.029824,0.0065365,0,0,0.031369,0,0.018124,0.019931,0,0.020734,0,0.033364,0,0.033971,0.034527,0.017802,0,0.016865,0,0,0.032167,0.035219,0.034584,0,0.034081,0.032635,0.034442,0.20768,0.034886,0.032106,0,0.034603,0,0.034528,0.034231
0.040946,0.037213,0,0.021831,0.041136,0,0,0,0,0.041178,0.035343,0.00761,0,0,0.03539,0,0.022045,0.023374,0,0.024371,0,0.038923,0,0.040167,0.040602,0.02188,0,0.019752,0,0,0.039149,0.041035,0.041057,0,0.039817,0.036954,0.040153,0.034183,0.074531,0.038703,0,0.041141,0,0.040837,0.040679
0.039363,0.037061,0,0.020756,0.039332,0,0,0,0,0.039095,0.033237,0.0072616,0,0,0.033785,0,0.020124,0.022131,0,0.02498,0,0.035997,0,0.037847,0.040056,0.019814,0,0.018766,0,0,0.035806,0.038507,0.03906,0,0.037179,0.035355,0.038047,0.031909,0.038954,0.11967,0,0.038753,0,0.038633,0.038515
0,0,0,0,0,0,0,0,0,0,0,0,0,0,0,0,0,0,0,0,0,0,0,0,0,0,0,0,0,0,0,0,0,0,0,0,0,0,0,0,1,0,0,0,0
0.042071,0.038107,0,0.022621,0.042307,0,0,0,0,0.042074,0.0369,0.0086109,0,0,0.03555,0,0.022316,0.024585,0,0.025834,0,0.040003,0,0.041019,0.041672,0.021601,0,0.02104,0,0,0.038872,0.041654,0.042072,0,0.04014,0.037046,0.041528,0.034905,0.040769,0.039096,0,0.054691,0,0.041321,0.041596
0,0,0,0,0,0,0,0,0,0,0,0,0,0,0,0,0,0,0,0,0,0,0,0,0,0,0,0,0,0,0,0,0,0,0,0,0,0,0,0,0,0,1,0,0
0.041181,0.036862,0,0.021988,0.041671,0,0,0,0,0.041667,0.03523,0.007685,0,0,0.035761,0,0.021302,0.025365,0,0.024599,0,0.038838,0,0.040413,0.041094,0.021747,0,0.019903,0,0,0.038726,0.041304,0.041526,0,0.039432,0.037438,0.041054,0.034548,0.040271,0.038666,0,0.041529,0,0.069461,0.040738
0.041664,0.037525,0,0.023991,0.041771,0,0,0,0,0.041685,0.035572,0.0083472,0,0,0.035184,0,0.021362,0.02411,0,0.024589,0,0.039295,0,0.0408,0.041235,0.021072,0,0.020575,0,0,0.039093,0.041254,0.041714,0,0.040092,0.03735,0.040843,0.034941,0.040191,0.039063,0,0.041333,0,0.040982,0.064365
