0.22248,0,0.016768,0.08695,0,0.051035,0,0.086736,0.0069213,0.089549,0,0,0,0.08147,0.043113,0.087827,0.088525,0.0064477,0.086047,0,0.046128,0
0,1,0,0,0,0,0,0,0,0,0,0,0,0,0,0,0,0,0,0,0,0
0,0,1,0,0,0,0,0,0,0,0,0,0,0,0,0,0,0,0,0,0,0
0.045441,0,0.020686,0.12828,0,0.060905,0,0.10407,0.0082632,0.10685,0,0,0,0.098003,0.051465,0.10478,0.10579,0.0076996,0.10172,0,0.056036,0
0,0,0,0,1,0,0,0,0,0,0,0,0,0,0,0,0,0,0,0,0,0
0.044188,0,0.019458,0.10161,0,0.11252,0,0.10082,0.0080341,0.1039,0,0,0,0.09497,0.050041,0.10181,0.10286,0.0074876,0.098771,0,0.05353,0
0,0,0,0,0,0,1,0,0,0,0,0,0,0,0,0,0,0,0,0,0,0
0.045368,0,0.019987,0.10376,0,0.060805,0,0.13189,0.0082458,0.10669,0,0,0,0.097726,0.051372,0.1045,0.10561,0.0076843,0.10141,0,0.054962,0
0,0,0,0,0,0,0,0,1,0,0,0,0,0,0,0,0,0,0,0,0,0
0.046783,0,0.020602,0.10678,0,0.062669,0,0.1065,0.0084864,0.10999,0,0,0,0.10004,0.052997,0.10753,0.10852,0.007933,0.10452,0,0.056652,0
0,0,0,0,0,0,0,0,0,0,1,0,0,0,0,0,0,0,0,0,0,0
0,0,0,0,0,0,0,0,0,0,0,1,0,0,0,0,0,0,0,0,0,0
0,0,0,0,0,0,0,0,0,0,0,0,1,0,0,0,0,0,0,0,0,0
0.042622,0,0.018768,0.09837,0,0.057772,0,0.097112,0.0077532,0.10023,0,0,0,0.17705,0.04828,0.098122,0.099378,0.0072242,0.095675,0,0.051639,0
0.029689,0,0.013076,0.06781,0,0.039801,0,0.067645,0.0053985,0.06984,0,0,0,0.063535,0.39829,0.068281,0.069248,0.0050288,0.066387,0,0.035973,0
0.04503,0,0.019834,0.10313,0,0.060356,0,0.10278,0.0081862,0.10589,0,0,0,0.097735,0.050992,0.138,0.10495,0.0076246,0.10094,0,0.054558,0
0.046535,0,0.020323,0.10558,0,0.06206,0,0.10538,0.0083886,0.10853,0,0,0,0.098834,0.052435,0.10639,0.11844,0.0078191,0.10338,0,0.055912,0
0,0,0,0,0,0,0,0,0,0,0,0,0,0,0,0,0,1,0,0,0,0
0.044342,0,0.019536,0.10161,0,0.059591,0,0.10138,0.0080591,0.10429,0,0,0,0.094887,0.050231,0.10211,0.10306,0.0075094,0.14818,0,0.05521,0
0,0,0,0,0,0,0,0,0,0,0,0,0,0,0,0,0,0,0,1,0,0
0.02945,0,0.01297,0.067272,0,0.039496,0,0.067104,0.0053514,0.069263,0,0,0,0.063021,0.033379,0.068559,0.068352,0.0049885,0.065835,0,0.40496,0
0,0,0,0,0,0,0,0,0,0,0,0,0,0,0,0,0,0,0,0,0,1
1,0,0,0,0,0,0,0,0,0,0,0,0,0,0,0,0,0,0,0,0,0
0,1,0,0,0,0,0,0,0,0,0,0,0,0,0,0,0,0,0,0,0,0
0.02182,0,0.54295,0.049831,0,0.02925,0,0.049711,0.0039649,0.051332,0,0,0,0.046691,0.024716,0.050179,0.050643,0.0036957,0.048782,0,0.026437,0
0.04475,0,0.0197,0.1433,0,0.06029,0,0.10251,0.0081325,0.1052,0,0,0,0.096091,0.050663,0.10297,0.10407,0.0075871,0.10054,0,0.054204,0
0,0,0,0,1,0,0,0,0,0,0,0,0,0,0,0,0,0,0,0,0,0
0.044286,0,0.019499,0.10112,0,0.11076,0,0.10154,0.0080496,0.10412,0,0,0,0.094761,0.05015,0.10221,0.10336,0.0074974,0.098987,0,0.053659,0
0,0,0,0,0,0,1,0,0,0,0,0,0,0,0,0,0,0,0,0,0,0
0.04419,0,0.019464,0.10111,0,0.059244,0,0.15306,0.0080353,0.10393,0,0,0,0.095524,0.050053,0.1022,0.10291,0.0074836,0.099245,0,0.053555,0
0,0,0,0,0,0,0,0,1,0,0,0,0,0,0,0,0,0,0,0,0,0
0.046815,0,0.020573,0.10678,0,0.062661,0,0.10652,0.008495,0.11,0,0,0,0.10009,0.052939,0.10751,0.10851,0.0079218,0.10451,0,0.056673,0
0,0,0,0,0,0,0,0,0,0,1,0,0,0,0,0,0,0,0,0,0,0
0,0,0,0,0,0,0,0,0,0,0,1,0,0,0,0,0,0,0,0,0,0
0,0,0,0,0,0,0,0,0,0,0,0,1,0,0,0,0,0,0,0,0,0
0.042833,0,0.018863,0.098001,0,0.05741,0,0.09838,0.0077846,0.10073,0,0,0,0.1745,0.048503,0.098481,0.099598,0.0072582,0.09575,0,0.051915,0
0.033788,0,0.014877,0.077166,0,0.045283,0,0.076972,0.0061411,0.079464,0,0,0,0.072318,0.31474,0.078648,0.078417,0.0057213,0.075534,0,0.040932,0
0.045959,0,0.020242,0.1055,0,0.061785,0,0.10499,0.0083568,0.10808,0,0,0,0.098444,0.052525,0.12052,0.107,0.0077851,0.10313,0,0.055691,0
0.046586,0,0.020392,0.10612,0,0.062229,0,0.10589,0.0086876,0.10887,0,0,0,0.099313,0.052431,0.10675,0.11507,0.0078419,0.10373,0,0.056096,0
0,0,0,0,0,0,0,0,0,0,0,0,0,0,0,0,0,1,0,0,0,0
0.043913,0,0.019337,0.10091,0,0.059091,0,0.10035,0.0079804,0.10326,0,0,0,0.093967,0.049726,0.1013,0.10238,0.0074423,0.15712,0,0.053221,0
0,0,0,0,0,0,0,0,0,0,0,0,0,0,0,0,0,0,0,1,0,0
0.029382,0,0.012938,0.067093,0,0.039379,0,0.066928,0.0053401,0.069112,0,0,0,0.062867,0.033282,0.067555,0.068185,0.0049771,0.065676,0,0.40728,0
0,0,0,0,0,0,0,0,0,0,0,0,0,0,0,0,0,0,0,0,0,1
0.39027,0,0.013173,0.068302,0,0.040089,0,0.068138,0.0054377,0.070359,0,0,0,0.064,0.033876,0.068774,0.069412,0.0050651,0.066865,0,0.036239,0
0,1,0,0,0,0,0,0,0,0,0,0,0,0,0,0,0,0,0,0,0,0
0.036312,0,0.23784,0.084243,0,0.048672,0,0.082732,0.0065986,0.085394,0,0,0,0.077719,0.041116,0.083504,0.084513,0.0061487,0.08119,0,0.044014,0
0.045528,0,0.020693,0.12761,0,0.061096,0,0.10385,0.0082762,0.10706,0,0,0,0.097706,0.051568,0.10511,0.10602,0.0077104,0.1026,0,0.055173,0
0,0,0,0,1,0,0,0,0,0,0,0,0,0,0,0,0,0,0,0,0,0
0.04608,0,0.019487,0.10103,0,0.11018,0,0.10135,0.0080405,0.10404,0,0,0,0.094675,0.050099,0.10197,0.10305,0.0074912,0.098898,0,0.053605,0
0,0,0,0,0,0,1,0,0,0,0,0,0,0,0,0,0,0,0,0,0,0
0.046561,0,0.020274,0.10547,0,0.061988,0,0.11837,0.008367,0.10824,0,0,0,0.098593,0.052331,0.10602,0.10719,0.007796,0.10303,0,0.055764,0
0,0,0,0,0,0,0,0,1,0,0,0,0,0,0,0,0,0,0,0,0,0
0.046806,0,0.020605,0.10678,0,0.062679,0,0.10651,0.0084946,0.11,0,0,0,0.10005,0.052975,0.10751,0.10851,0.00792,0.10453,0,0.056634,0
0,0,0,0,0,0,0,0,0,0,1,0,0,0,0,0,0,0,0,0,0,0
0,0,0,0,0,0,0,0,0,0,0,1,0,0,0,0,0,0,0,0,0,0
0,0,0,0,0,0,0,0,0,0,0,0,1,0,0,0,0,0,0,0,0,0
0.042841,0,0.018877,0.098518,0,0.057429,0,0.098067,0.0077876,0.10075,0,0,0,0.17337,0.048532,0.099002,0.099863,0.0072609,0.095782,0,0.051924,0
0,0,0,0,0,0,0,0,0,0,0,0,0,0,1,0,0,0,0,0,0,0
0.045743,0,0.020149,0.10478,0,0.061311,0,0.10438,0.0083127,0.10757,0,0,0,0.098375,0.052458,0.12471,0.10649,0.0077492,0.10256,0,0.055412,0
0.04655,0,0.020361,0.10588,0,0.062175,0,0.1056,0.008404,0.10872,0,0,0,0.09945,0.052359,0.10666,0.11635,0.0078318,0.10365,0,0.056008,0
0,0,0,0,0,0,0,0,0,0,0,0,0,0,0,0,0,1,0,0,0,0
0.044828,0,0.019761,0.10294,0,0.060082,0,0.10212,0.0081463,0.10542,0,0,0,0.09592,0.050766,0.10326,0.10436,0.0075957,0.14049,0,0.054306,0
0,0,0,0,0,0,0,0,0,0,0,0,0,0,0,0,0,0,0,1,0,0
0.029844,0,0.013145,0.068147,0,0.04,0,0.067982,0.0054251,0.070198,0,0,0,0.063852,0.033802,0.068616,0.069255,0.0050536,0.06671,0,0.39797,0
0,0,0,0,0,0,0,0,0,0,0,0,0,0,0,0,0,0,0,0,0,1
1,0,0,0,0,0,0,0,0,0,0,0,0,0,0,0,0,0,0,0,0,0
0,1,0,0,0,0,0,0,0,0,0,0,0,0,0,0,0,0,0,0,0,0
0,0,1,0,0,0,0,0,0,0,0,0,0,0,0,0,0,0,0,0,0,0
0.045624,0,0.020088,0.12648,0,0.061313,0,0.10419,0.0082921,0.10725,0,0,0,0.098176,0.051655,0.10533,0.10618,0.0077268,0.10244,0,0.05526,0
0,0,0,0,1,0,0,0,0,0,0,0,0,0,0,0,0,0,0,0,0,0
0.044734,0,0.019708,0.10258,0,0.099225,0,0.10191,0.0081304,0.10519,0,0,0,0.095737,0.050661,0.10312,0.10421,0.0087786,0.1004,0,0.055627,0
0,0,0,0,0,0,1,0,0,0,0,0,0,0,0,0,0,0,0,0,0,0
0.045272,0,0.019943,0.10377,0,0.061294,0,0.13101,0.0082302,0.10645,0,0,0,0.097796,0.051268,0.10438,0.1055,0.00767,0.10156,0,0.055864,0
0.036148,0,0.015916,0.082546,0,0.04845,0,0.082352,0.23301,0.085002,0,0,0,0.077347,0.040948,0.083112,0.084468,0.0061205,0.080801,0,0.043782,0
0.04675,0,0.020608,0.10678,0,0.062675,0,0.10654,0.0084986,0.11,0,0,0,0.10006,0.052926,0.10753,0.10852,0.0079097,0.10456,0,0.056641,0
0,0,0,0,0,0,0,0,0,0,1,0,0,0,0,0,0,0,0,0,0,0
0,0,0,0,0,0,0,0,0,0,0,1,0,0,0,0,0,0,0,0,0,0
0,0,0,0,0,0,0,0,0,0,0,0,1,0,0,0,0,0,0,0,0,0
0.042707,0,0.018802,0.098189,0,0.057258,0,0.097711,0.0077599,0.10041,0,0,0,0.17312,0.048353,0.098661,0.099508,0.01001,0.095771,0,0.051744,0
0.03808,0,0.016768,0.08694,0,0.051708,0,0.086933,0.0069177,0.08954,0,0,0,0.081462,0.22789,0.087543,0.088524,0.0064467,0.085111,0,0.046141,0
0.045392,0,0.019993,0.10388,0,0.060842,0,0.1036,0.0082503,0.10676,0,0,0,0.097132,0.052177,0.13218,0.10565,0.0076871,0.10147,0,0.054994,0
0.046137,0,0.02032,0.10571,0,0.062041,0,0.10557,0.0083873,0.10849,0,0,0,0.099351,0.052565,0.10647,0.11771,0.0078179,0.10353,0,0.055906,0
0,0,0,0,0,0,0,0,0,0,0,0,0,0,0,0,0,1,0,0,0,0
0.043739,0,0.019275,0.10015,0,0.058799,0,0.099957,0.0079523,0.10284,0,0,0,0.093588,0.049532,0.10125,0.10201,0.0074137,0.16051,0,0.052982,0
0,0,0,0,0,0,0,0,0,0,0,0,0,0,0,0,0,0,0,1,0,0
0.033829,0,0.0149,0.077268,0,0.046476,0,0.077083,0.0061511,0.079568,0,0,0,0.072395,0.038332,0.077797,0.078514,0.0057291,0.077125,0,0.31483,0
0,0,0,0,0,0,0,0,0,0,0,0,0,0,0,0,0,0,0,0,0,1
0.31279,0,0.01485,0.076981,0,0.045183,0,0.076793,0.0061235,0.079301,0,0,0,0.072133,0.03818,0.077518,0.078234,0.0057103,0.07536,0,0.040841,0
0,1,0,0,0,0,0,0,0,0,0,0,0,0,0,0,0,0,0,0,0,0
0,0,1,0,0,0,0,0,0,0,0,0,0,0,0,0,0,0,0,0,0,0
0.045363,0,0.019978,0.13149,0,0.060975,0,0.10398,0.0082472,0.10667,0,0,0,0.097301,0.051381,0.10456,0.10556,0.0076855,0.10185,0,0.054954,0
0,0,0,0,1,0,0,0,0,0,0,0,0,0,0,0,0,0,0,0,0,0
0,0,0,0,0,1,0,0,0,0,0,0,0,0,0,0,0,0,0,0,0,0
0,0,0,0,0,0,1,0,0,0,0,0,0,0,0,0,0,0,0,0,0,0
0.045891,0,0.020211,0.10519,0,0.061757,0,0.12115,0.0083434,0.10792,0,0,0,0.098545,0.051975,0.10581,0.10688,0.007776,0.10295,0,0.055608,0
0,0,0,0,0,0,0,0,1,0,0,0,0,0,0,0,0,0,0,0,0,0
0.046793,0,0.020589,0.10679,0,0.062673,0,0.10652,0.0085083,0.10998,0,0,0,0.10004,0.052995,0.10751,0.10849,0.0079186,0.10452,0,0.056668,0
0,0,0,0,0,0,0,0,0,0,1,0,0,0,0,0,0,0,0,0,0,0
0,0,0,0,0,0,0,0,0,0,0,1,0,0,0,0,0,0,0,0,0,0
0,0,0,0,0,0,0,0,0,0,0,0,1,0,0,0,0,0,0,0,0,0
0.042252,0,0.018611,0.096954,0,0.056645,0,0.096901,0.007682,0.099371,0,0,0,0.18467,0.047858,0.097755,0.098463,0.0071622,0.094465,0,0.051211,0
0.030067,0,0.013244,0.068688,0,0.040315,0,0.068517,0.0054763,0.070724,0,0,0,0.064355,0.39008,0.069628,0.070151,0.0050922,0.067237,0,0.036428,0
0.046107,0,0.020307,0.10568,0,0.061906,0,0.10537,0.0083793,0.10842,0,0,0,0.099162,0.052503,0.11788,0.10735,0.0078108,0.10327,0,0.055855,0
0.046185,0,0.020342,0.10572,0,0.062047,0,0.10546,0.0083949,0.10861,0,0,0,0.098982,0.052646,0.10656,0.11762,0.0078206,0.10366,0,0.05596,0
0.033694,0,0.014886,0.079304,0,0.046344,0,0.076755,0.0061205,0.079199,0,0,0,0.074905,0.038135,0.077465,0.078188,0.27884,0.075321,0,0.040839,0
0.044383,0,0.019548,0.10169,0,0.059673,0,0.1013,0.0080705,0.10439,0,0,0,0.09537,0.050276,0.10234,0.1032,0.0075162,0.14847,0,0.053773,0
0,0,0,0,0,0,0,0,0,0,0,0,0,0,0,0,0,0,0,1,0,0
0,0,0,0,0,0,0,0,0,0,0,0,0,0,0,0,0,0,0,0,1,0
0,0,0,0,0,0,0,0,0,0,0,0,0,0,0,0,0,0,0,0,0,1
1,0,0,0,0,0,0,0,0,0,0,0,0,0,0,0,0,0,0,0,0,0
0,1,0,0,0,0,0,0,0,0,0,0,0,0,0,0,0,0,0,0,0,0
0,0,1,0,0,0,0,0,0,0,0,0,0,0,0,0,0,0,0,0,0,0
0.046313,0,0.020155,0.12294,0,0.061668,0,0.10457,0.0083176,0.10761,0,0,0,0.098504,0.051821,0.10541,0.10652,0.0083657,0.10237,0,0.055444,0
0,0,0,0,1,0,0,0,0,0,0,0,0,0,0,0,0,0,0,0,0,0
0,0,0,0,0,1,0,0,0,0,0,0,0,0,0,0,0,0,0,0,0,0
0,0,0,0,0,0,1,0,0,0,0,0,0,0,0,0,0,0,0,0,0,0
0.045066,0,0.019841,0.10342,0,0.060697,0,0.13463,0.0081892,0.10594,0,0,0,0.097647,0.051029,0.10417,0.105,0.007637,0.10088,0,0.055852,0
0,0,0,0,0,0,0,0,1,0,0,0,0,0,0,0,0,0,0,0,0,0
0.046747,0,0.020604,0.10679,0,0.062687,0,0.10653,0.0085099,0.11,0,0,0,0.10003,0.052932,0.10753,0.10854,0.007922,0.10449,0,0.056696,0
0,0,0,0,0,0,0,0,0,0,1,0,0,0,0,0,0,0,0,0,0,0
0,0,0,0,0,0,0,0,0,0,0,1,0,0,0,0,0,0,0,0,0,0
0,0,0,0,0,0,0,0,0,0,0,0,1,0,0,0,0,0,0,0,0,0
0.042647,0,0.018788,0.098073,0,0.057169,0,0.097846,0.0077507,0.1003,0,0,0,0.17291,0.048311,0.098361,0.099276,0.0072278,0.096377,0,0.054966,0
0,0,0,0,0,0,0,0,0,0,0,0,0,0,1,0,0,0,0,0,0,0
0.045658,0,0.02011,0.10433,0,0.061472,0,0.10457,0.0083002,0.10737,0,0,0,0.097925,0.051715,0.12623,0.10634,0.0077404,0.10292,0,0.055319,0
0.046161,0,0.020329,0.1057,0,0.062021,0,0.10563,0.0083904,0.10855,0,0,0,0.098912,0.052277,0.10652,0.11825,0.0078199,0.10351,0,0.055928,0
0,0,0,0,0,0,0,0,0,0,0,0,0,0,0,0,0,1,0,0,0,0
0.044759,0,0.019708,0.10262,0,0.060166,0,0.10235,0.0081334,0.10523,0,0,0,0.096702,0.050679,0.1036,0.10413,0.0075894,0.14013,0,0.05421,0
0,0,0,0,0,0,0,0,0,0,0,0,0,0,0,0,0,0,0,1,0,0
0.029549,0,0.013017,0.067513,0,0.041058,0,0.067333,0.0053735,0.069515,0,0,0,0.06325,0.033475,0.067982,0.069065,0.0050486,0.066091,0,0.40173,0
0,0,0,0,0,0,0,0,0,0,0,0,0,0,0,0,0,0,0,0,0,1
0.38851,0,0.013126,0.068104,0,0.041806,0,0.067966,0.0054291,0.07009,0,0,0,0.063805,0.033751,0.069372,0.070216,0.0050487,0.066654,0,0.036121,0
0,1,0,0,0,0,0,0,0,0,0,0,0,0,0,0,0,0,0,0,0,0
0.029442,0,0.38148,0.069046,0,0.039464,0,0.067086,0.0053527,0.069244,0,0,0,0.062986,0.033338,0.067699,0.06832,0.0050417,0.065835,0,0.035663,0
0.044928,0,0.021603,0.13725,0,0.060376,0,0.10287,0.0081658,0.10566,0,0,0,0.096158,0.050883,0.10358,0.1044,0.0086602,0.10102,0,0.054442,0
0,0,0,0,1,0,0,0,0,0,0,0,0,0,0,0,0,0,0,0,0,0
0,0,0,0,0,1,0,0,0,0,0,0,0,0,0,0,0,0,0,0,0,0
0,0,0,0,0,0,1,0,0,0,0,0,0,0,0,0,0,0,0,0,0,0
0.045215,0,0.019922,0.10383,0,0.060761,0,0.13452,0.0082216,0.10632,0,0,0,0.096751,0.051201,0.1041,0.10527,0.0076635,0.10145,0,0.054778,0
0,0,0,0,0,0,0,0,1,0,0,0,0,0,0,0,0,0,0,0,0,0
0.046722,0,0.020582,0.10677,0,0.062684,0,0.10651,0.0084867,0.10999,0,0,0,0.10007,0.053025,0.10751,0.10852,0.0079083,0.10453,0,0.056675,0
0,0,0,0,0,0,0,0,0,0,1,0,0,0,0,0,0,0,0,0,0,0
0,0,0,0,0,0,0,0,0,0,0,1,0,0,0,0,0,0,0,0,0,0
0,0,0,0,0,0,0,0,0,0,0,0,1,0,0,0,0,0,0,0,0,0
0.042195,0,0.018583,0.096353,0,0.056555,0,0.096731,0.0076681,0.099205,0,0,0,0.18578,0.047771,0.097155,0.098689,0.0071441,0.095077,0,0.051096,0
0.029762,0,0.013107,0.067952,0,0.039885,0,0.067785,0.0054074,0.069996,0,0,0,0.063669,0.39735,0.068423,0.069056,0.0050399,0.066517,0,0.036056,0
0.045908,0,0.020217,0.10513,0,0.061632,0,0.10488,0.0083431,0.10795,0,0,0,0.098645,0.051995,0.12186,0.10692,0.0077774,0.1031,0,0.055631,0
0.04644,0,0.02054,0.10554,0,0.062286,0,0.10557,0.0083779,0.10838,0,0,0,0.099223,0.052196,0.10634,0.11798,0.0078111,0.10348,0,0.055835,0
0,0,0,0,0,0,0,0,0,0,0,0,0,0,0,0,0,1,0,0,0,0
0.044908,0,0.019783,0.10279,0,0.060196,0,0.10261,0.0081634,0.1056,0,0,0,0.096637,0.050868,0.10372,0.10466,0.0076213,0.13803,0,0.054414,0
0,0,0,0,0,0,0,0,0,0,0,0,0,0,0,0,0,0,0,1,0,0
0.029601,0,0.013036,0.067605,0,0.039695,0,0.068447,0.0053801,0.069624,0,0,0,0.063368,0.033524,0.068068,0.068707,0.0050125,0.066176,0,0.40176,0
0,0,0,0,0,0,0,0,0,0,0,0,0,0,0,0,0,0,0,0,0,1
0.31557,0,0.014771,0.077135,0,0.044956,0,0.076389,0.0060924,0.07885,0,0,0,0.071764,0.037974,0.077093,0.078145,0.0056968,0.07495,0,0.040616,0
0,1,0,0,0,0,0,0,0,0,0,0,0,0,0,0,0,0,0,0,0,0
0,0,1,0,0,0,0,0,0,0,0,0,0,0,0,0,0,0,0,0,0,0
0.045509,0,0.020046,0.12696,0,0.061201,0,0.10405,0.0082717,0.10702,0,0,0,0.099073,0.051538,0.10481,0.10587,0.0084208,0.10207,0,0.055147,0
0,0,0,0,1,0,0,0,0,0,0,0,0,0,0,0,0,0,0,0,0,0
0,0,0,0,0,1,0,0,0,0,0,0,0,0,0,0,0,0,0,0,0,0
0,0,0,0,0,0,1,0,0,0,0,0,0,0,0,0,0,0,0,0,0,0
0.045248,0,0.019925,0.10382,0,0.060806,0,0.13313,0.0082269,0.1064,0,0,0,0.097599,0.051247,0.10423,0.10542,0.007674,0.10147,0,0.054814,0
0,0,0,0,0,0,0,0,1,0,0,0,0,0,0,0,0,0,0,0,0,0
0.046757,0,0.020621,0.10678,0,0.06267,0,0.10652,0.0084843,0.11001,0,0,0,0.10004,0.052911,0.10755,0.10854,0.0079227,0.10454,0,0.056644,0
0,0,0,0,0,0,0,0,0,0,1,0,0,0,0,0,0,0,0,0,0,0
0,0,0,0,0,0,0,0,0,0,0,1,0,0,0,0,0,0,0,0,0,0
0,0,0,0,0,0,0,0,0,0,0,0,1,0,0,0,0,0,0,0,0,0
0.042591,0,0.018763,0.097738,0,0.057097,0,0.098292,0.007742,0.10017,0,0,0,0.17777,0.048251,0.098433,0.099071,0.0072188,0.095225,0,0.051635,0
0.030031,0,0.013226,0.068577,0,0.040254,0,0.068414,0.0054668,0.07063,0,0,0,0.064266,0.39143,0.069055,0.070048,0.0050857,0.067132,0,0.036381,0
0.046074,0,0.020168,0.10472,0,0.061742,0,0.10469,0.0083236,0.10768,0,0,0,0.098396,0.051864,0.12378,0.10661,0.0077609,0.10271,0,0.055483,0
0.046048,0,0.020279,0.10545,0,0.061951,0,0.10515,0.0083717,0.10828,0,0,0,0.098972,0.052152,0.1064,0.1196,0.0078082,0.10328,0,0.056243,0
0,0,0,0,0,0,0,0,0,0,0,0,0,0,0,0,0,1,0,0,0,0
0.045711,0,0.019722,0.10265,0,0.060021,0,0.10201,0.0081388,0.10532,0,0,0,0.095829,0.050714,0.1032,0.1041,0.0075872,0.14075,0,0.054249,0
0,0,0,0,0,0,0,0,0,0,0,0,0,0,0,0,0,0,0,1,0,0
0.029722,0,0.013081,0.068847,0,0.039827,0,0.068958,0.0053969,0.069849,0,0,0,0.063616,0.033631,0.068335,0.069395,0.0050301,0.066415,0,0.39789,0
0,0,0,0,0,0,0,0,0,0,0,0,0,0,0,0,0,0,0,0,0,1
1,0,0,0,0,0,0,0,0,0,0,0,0,0,0,0,0,0,0,0,0,0
0,1,0,0,0,0,0,0,0,0,0,0,0,0,0,0,0,0,0,0,0,0
0,0,1,0,0,0,0,0,0,0,0,0,0,0,0,0,0,0,0,0,0,0
0.045737,0,0.02014,0.1245,0,0.061617,0,0.10448,0.0083149,0.10754,0,0,0,0.098152,0.051803,0.10568,0.10652,0.0077477,0.10235,0,0.05541,0
0,0,0,0,1,0,0,0,0,0,0,0,0,0,0,0,0,0,0,0,0,0
0.04501,0,0.019822,0.10315,0,0.093414,0,0.10293,0.0081834,0.10584,0,0,0,0.096879,0.051655,0.10394,0.10475,0.0076215,0.10113,0,0.055674,0
0,0,0,0,0,0,1,0,0,0,0,0,0,0,0,0,0,0,0,0,0,0
0.045158,0,0.019884,0.10357,0,0.060687,0,0.13521,0.0082088,0.10617,0,0,0,0.09687,0.051139,0.10442,0.10507,0.0076498,0.10125,0,0.054706,0
0,0,0,0,0,0,0,0,1,0,0,0,0,0,0,0,0,0,0,0,0,0
0.046733,0,0.020593,0.10679,0,0.062678,0,0.10654,0.0085249,0.11,0,0,0,0.10006,0.052958,0.10749,0.10852,0.0079219,0.10455,0,0.05665,0
0,0,0,0,0,0,0,0,0,0,1,0,0,0,0,0,0,0,0,0,0,0
0,0,0,0,0,0,0,0,0,0,0,1,0,0,0,0,0,0,0,0,0,0
0,0,0,0,0,0,0,0,0,0,0,0,1,0,0,0,0,0,0,0,0,0
0.042222,0,0.018596,0.096915,0,0.056934,0,0.096449,0.0076834,0.099262,0,0,0,0.18475,0.047823,0.097653,0.098505,0.0071474,0.094922,0,0.051141,0
0.033773,0,0.014873,0.077148,0,0.045285,0,0.076962,0.0061404,0.079433,0,0,0,0.072286,0.31437,0.07885,0.078711,0.0057202,0.075509,0,0.040938,0
0.046482,0,0.02012,0.10471,0,0.061592,0,0.10453,0.0083054,0.10743,0,0,0,0.097767,0.051741,0.12534,0.10647,0.0077356,0.10243,0,0.055348,0
0.046074,0,0.020291,0.10554,0,0.062015,0,0.10541,0.0086859,0.10835,0,0,0,0.099193,0.05289,0.10636,0.1182,0.0078038,0.10337,0,0.055817,0
0,0,0,0,0,0,0,0,0,0,0,0,0,0,0,0,0,1,0,0,0,0
0.044442,0,0.019568,0.10177,0,0.059565,0,0.10184,0.0080792,0.1045,0,0,0,0.095442,0.050329,0.10236,0.10351,0.0075244,0.14722,0,0.053853,0
0,0,0,0,0,0,0,0,0,0,0,0,0,0,0,0,0,0,0,1,0,0
0,0,0,0,0,0,0,0,0,0,0,0,0,0,0,0,0,0,0,0,1,0
0,0,0,0,0,0,0,0,0,0,0,0,0,0,0,0,0,0,0,0,0,1
0.31001,0,0.014887,0.077199,0,0.045318,0,0.077531,0.0061437,0.079498,0,0,0,0.072319,0.038295,0.077728,0.078838,0.0057255,0.07556,0,0.040952,0
0,1,0,0,0,0,0,0,0,0,0,0,0,0,0,0,0,0,0,0,0,0
0,0,1,0,0,0,0,0,0,0,0,0,0,0,0,0,0,0,0,0,0,0
0.04548,0,0.020031,0.12872,0,0.060954,0,0.10375,0.0082649,0.10694,0,0,0,0.097568,0.051503,0.10506,0.10589,0.0077006,0.10204,0,0.056089,0
0,0,0,0,1,0,0,0,0,0,0,0,0,0,0,0,0,0,0,0,0,0
0.044091,0,0.019411,0.10092,0,0.11532,0,0.10059,0.0080123,0.10366,0,0,0,0.094316,0.049923,0.10166,0.1027,0.0074672,0.098535,0,0.053394,0
0,0,0,0,0,0,1,0,0,0,0,0,0,0,0,0,0,0,0,0,0,0
0.045583,0,0.020078,0.10439,0,0.061092,0,0.12788,0.0082835,0.10717,0,0,0,0.097718,0.051612,0.10509,0.10629,0.0077211,0.10188,0,0.055212,0
0,0,0,0,0,0,0,0,1,0,0,0,0,0,0,0,0,0,0,0,0,0
0.046742,0,0.020592,0.10679,0,0.06268,0,0.10653,0.0085132,0.11,0,0,0,0.10006,0.052968,0.10753,0.10851,0.0079204,0.10455,0,0.056617,0
0,0,0,0,0,0,0,0,0,0,1,0,0,0,0,0,0,0,0,0,0,0
0,0,0,0,0,0,0,0,0,0,0,1,0,0,0,0,0,0,0,0,0,0
0,0,0,0,0,0,0,0,0,0,0,0,1,0,0,0,0,0,0,0,0,0
0.042582,0,0.018745,0.097621,0,0.057069,0,0.097281,0.0077358,0.1001,0,0,0,0.17877,0.048207,0.098561,0.098951,0.0072518,0.095542,0,0.051583,0
0,0,0,0,0,0,0,0,0,0,0,0,0,0,1,0,0,0,0,0,0,0
0.04596,0,0.020243,0.10544,0,0.062073,0,0.10513,0.008354,0.10807,0,0,0,0.098602,0.052456,0.11952,0.10693,0.0077943,0.10292,0,0.05651,0
0.046655,0,0.0203,0.1056,0,0.062109,0,0.10548,0.0083795,0.1084,0,0,0,0.099072,0.052204,0.10625,0.11815,0.007814,0.10331,0,0.056282,0
0,0,0,0,0,0,0,0,0,0,0,0,0,0,0,0,0,1,0,0,0,0
0.04441,0,0.019569,0.10187,0,0.059534,0,0.1012,0.0080775,0.10446,0,0,0,0.096243,0.050306,0.10231,0.1035,0.0075214,0.14719,0,0.05383,0
0,0,0,0,0,0,0,0,0,0,0,0,0,0,0,0,0,0,0,1,0,0
0.02952,0,0.013027,0.068414,0,0.039556,0,0.067281,0.005364,0.069421,0,0,0,0.066484,0.033423,0.067886,0.068515,0.0049995,0.066021,0,0.40009,0
0,0,0,0,0,0,0,0,0,0,0,0,0,0,0,0,0,0,0,0,0,1
